-6.743458501799075577e-01 8.899999999999971934e+00
-6.409887999999092090e-01 8.889999999999972147e+00
-6.080052493799108504e-01 8.879999999999972360e+00
-5.753967292799126998e-01 8.869999999999972573e+00
-5.431647173799142303e-01 8.859999999999972786e+00
-5.113106380799160577e-01 8.849999999999972999e+00
-4.798358624999176647e-01 8.839999999999973213e+00
-4.487417084799193989e-01 8.829999999999973426e+00
-4.180294405799210300e-01 8.819999999999973639e+00
-3.877002700799226376e-01 8.809999999999973852e+00
-3.577553549799242227e-01 8.799999999999974065e+00
-3.281957999999259301e-01 8.789999999999974278e+00
-2.990226565799274927e-01 8.779999999999974492e+00
-2.702369228799291201e-01 8.769999999999974705e+00
-2.418395437799306658e-01 8.759999999999974918e+00
-2.138314108799322100e-01 8.749999999999975131e+00
-1.862133624999337267e-01 8.739999999999975344e+00
-1.589861836799352501e-01 8.729999999999975557e+00
-1.321506061799367637e-01 8.719999999999975770e+00
-1.057073084799382695e-01 8.709999999999975984e+00
-7.965691577993974648e-02 8.699999999999976197e+00
-5.399999999994120614e-02 8.689999999999976410e+00
-2.873707977994265431e-02 8.679999999999976623e+00
-3.868620479944083305e-03 8.669999999999976836e+00
2.060496582005450980e-02 8.659999999999977049e+00
4.468332032005310761e-02 8.649999999999977263e+00
6.836613750005171575e-02 8.639999999999977476e+00
9.165316512005036720e-02 8.629999999999977689e+00
1.145442042200489896e-01 8.619999999999977902e+00
1.370391091200476585e-01 8.609999999999978115e+00
1.591377874200463338e-01 8.599999999999978328e+00
1.808402000000450538e-01 8.589999999999978542e+00
2.021463610200437966e-01 8.579999999999978755e+00
2.230563379200424801e-01 8.569999999999978968e+00
2.435702514200413227e-01 8.559999999999979181e+00
2.636882755200400386e-01 8.549999999999979394e+00
2.834106375000388089e-01 8.539999999999979607e+00
3.027376179200376161e-01 8.529999999999979821e+00
3.216695506200364929e-01 8.519999999999980034e+00
3.402068227200352735e-01 8.509999999999980247e+00
3.583498746200341478e-01 8.499999999999980460e+00
3.760992000000330515e-01 8.489999999999980673e+00
3.934553458200318876e-01 8.479999999999980886e+00
4.104189123200307487e-01 8.469999999999981100e+00
4.269905530200297505e-01 8.459999999999981313e+00
4.431709747200286986e-01 8.449999999999981526e+00
4.589609375000275882e-01 8.439999999999981739e+00
4.743612547200266039e-01 8.429999999999981952e+00
4.893727930200256204e-01 8.419999999999982165e+00
5.039964723200246466e-01 8.409999999999982379e+00
5.182332658200237141e-01 8.399999999999982592e+00
5.320842000000226557e-01 8.389999999999982805e+00
5.455503546200217713e-01 8.379999999999983018e+00
5.586328627200207730e-01 8.369999999999983231e+00
5.713329106200200069e-01 8.359999999999983444e+00
5.836517379200190092e-01 8.349999999999983658e+00
5.955906375000182829e-01 8.339999999999983871e+00
6.071509555200175212e-01 8.329999999999984084e+00
6.183340914200166072e-01 8.319999999999984297e+00
6.291414979200157243e-01 8.309999999999984510e+00
6.395746810200151344e-01 8.299999999999984723e+00
6.496352000000141791e-01 8.289999999999984936e+00
6.593246674200133883e-01 8.279999999999985150e+00
6.686447491200128157e-01 8.269999999999985363e+00
6.775971642200121492e-01 8.259999999999985576e+00
6.861836851200113774e-01 8.249999999999985789e+00
6.944061375000107894e-01 8.239999999999986002e+00
7.022664003200099758e-01 8.229999999999986215e+00
7.097664058200093828e-01 8.219999999999986429e+00
7.169081395200089801e-01 8.209999999999986642e+00
7.236936402200082608e-01 8.199999999999986855e+00
7.301250000000077955e-01 8.189999999999987068e+00
7.362043642200070126e-01 8.179999999999987281e+00
7.419339315200065288e-01 8.169999999999987494e+00
7.473159538200061514e-01 8.159999999999987708e+00
7.523527363200055440e-01 8.149999999999987921e+00
7.570466375000050041e-01 8.139999999999988134e+00
7.614000691200046855e-01 8.129999999999988347e+00
7.654154962200040435e-01 8.119999999999988560e+00
7.690954371200037221e-01 8.109999999999988773e+00
7.724424634200032225e-01 8.099999999999988987e+00
7.754592000000026797e-01 8.089999999999989200e+00
7.781483250200025292e-01 8.079999999999989413e+00
7.805125699200020639e-01 8.069999999999989626e+00
7.825547194200014323e-01 8.059999999999989839e+00
7.842776115200013054e-01 8.049999999999990052e+00
7.856841375000007677e-01 8.039999999999990266e+00
7.867772419200007583e-01 8.029999999999990479e+00
7.875599226200004077e-01 8.019999999999990692e+00
7.880352307200000350e-01 8.009999999999990905e+00
7.882062706199999269e-01 7.999999999999991118e+00