-5.552131869999281655e-01 8.899999999999971934e+00
-5.292559999999291165e-01 8.889999999999972147e+00
-5.034494529999301582e-01 8.879999999999972360e+00
-4.777967439999311061e-01 8.869999999999972573e+00
-4.523010709999320533e-01 8.859999999999972786e+00
-4.269656319999330374e-01 8.849999999999972999e+00
-4.017936249999339848e-01 8.839999999999973213e+00
-3.767882479999349887e-01 8.829999999999973426e+00
-3.519526989999359201e-01 8.819999999999973639e+00
-3.272901759999369831e-01 8.809999999999973852e+00
-3.028038769999379376e-01 8.799999999999974065e+00
-2.784969999999388768e-01 8.789999999999974278e+00
-2.543727429999398937e-01 8.779999999999974492e+00
-2.304343039999408593e-01 8.769999999999974705e+00
-2.066848809999418390e-01 8.759999999999974918e+00
-1.831276719999428149e-01 8.749999999999975131e+00
-1.597658749999437688e-01 8.739999999999975344e+00
-1.366026879999447385e-01 8.729999999999975557e+00
-1.136413089999457476e-01 8.719999999999975770e+00
-9.088493599994672267e-02 8.709999999999975984e+00
-6.833676699994770121e-02 8.699999999999976197e+00
-4.599999999994866529e-02 8.689999999999976410e+00
-2.387783299994963512e-02 8.679999999999976623e+00
-1.973463999950603610e-03 8.669999999999976836e+00
1.970990900004842422e-02 8.659999999999977049e+00
4.116908800004746849e-02 8.649999999999977263e+00
6.240087500004650595e-02 8.639999999999977476e+00
8.340207200004555455e-02 8.629999999999977689e+00
1.041694810000446114e-01 8.619999999999977902e+00
1.246999040000436459e-01 8.609999999999978115e+00
1.449901430000427038e-01 8.599999999999978328e+00
1.650370000000417614e-01 8.589999999999978542e+00
1.848372770000408227e-01 8.579999999999978755e+00
2.043877760000398780e-01 8.569999999999978968e+00
2.236852990000389452e-01 8.559999999999979181e+00
2.427266480000380144e-01 8.549999999999979394e+00
2.615086250000371315e-01 8.539999999999979607e+00
2.800280320000362311e-01 8.529999999999979821e+00
2.982816710000352756e-01 8.519999999999980034e+00
3.162663440000343940e-01 8.509999999999980247e+00
3.339788530000334932e-01 8.499999999999980460e+00
3.514160000000325912e-01 8.489999999999980673e+00
3.685745870000317059e-01 8.479999999999980886e+00
3.854514160000307998e-01 8.469999999999981100e+00
4.020432890000299464e-01 8.459999999999981313e+00
4.183470080000290525e-01 8.449999999999981526e+00
4.343593750000281362e-01 8.439999999999981739e+00
4.500771920000273263e-01 8.429999999999981952e+00
4.654972610000264188e-01 8.419999999999982165e+00
4.806163840000255982e-01 8.409999999999982379e+00
4.954313630000247159e-01 8.399999999999982592e+00
5.099390000000240120e-01 8.389999999999982805e+00
5.241360970000231712e-01 8.379999999999983018e+00
5.380194560000222115e-01 8.369999999999983231e+00
5.515858790000214285e-01 8.359999999999983444e+00
5.648321680000205625e-01 8.349999999999983658e+00
5.777551250000197980e-01 8.339999999999983871e+00
5.903515520000190975e-01 8.329999999999984084e+00
6.026182510000182013e-01 8.319999999999984297e+00
6.145520240000175161e-01 8.309999999999984510e+00
6.261496730000167821e-01 8.299999999999984723e+00
6.374080000000160728e-01 8.289999999999984936e+00
6.483238070000153508e-01 8.279999999999985150e+00
6.588938960000145784e-01 8.269999999999985363e+00
6.691150690000138290e-01 8.259999999999985576e+00
6.789841280000131762e-01 8.249999999999985789e+00
6.884978750000125824e-01 8.239999999999986002e+00
6.976531120000118991e-01 8.229999999999986215e+00
7.064466410000113106e-01 8.219999999999986429e+00
7.148752640000105574e-01 8.209999999999986642e+00
7.229357830000099350e-01 8.199999999999986855e+00
7.306250000000091838e-01 8.189999999999987068e+00
7.379397170000084882e-01 8.179999999999987281e+00
7.448767360000079218e-01 8.169999999999987494e+00
7.514328590000072250e-01 8.159999999999987708e+00
7.576048880000068042e-01 8.149999999999987921e+00
7.633896250000062889e-01 8.139999999999988134e+00
7.687838720000056414e-01 8.129999999999988347e+00
7.737844310000050463e-01 8.119999999999988560e+00
7.783881040000044660e-01 8.109999999999988773e+00
7.825916930000039740e-01 8.099999999999988987e+00
7.863920000000035326e-01 8.089999999999989200e+00
7.897858270000029934e-01 8.079999999999989413e+00
7.927699760000024298e-01 8.069999999999989626e+00
7.953412490000021373e-01 8.059999999999989839e+00
7.974964480000016342e-01 8.049999999999990052e+00
7.992323750000012161e-01 8.039999999999990266e+00
8.005458320000008454e-01 8.029999999999990479e+00
8.014336210000003735e-01 8.019999999999990692e+00
8.018925440000000959e-01 8.009999999999990905e+00
8.019194029999996420e-01 7.999999999999991118e+00
8.015109999999993073e-01 7.989999999999991331e+00
8.006641369999990543e-01 7.979999999999991545e+00
7.993756159999987343e-01 7.969999999999991758e+00
7.976422389999984208e-01 7.959999999999991971e+00
7.954608079999980763e-01 7.949999999999992184e+00
7.928281249999976632e-01 7.939999999999992397e+00
7.897409919999973660e-01 7.929999999999992610e+00
7.861962109999971471e-01 7.919999999999992824e+00
7.821905839999971910e-01 7.909999999999993037e+00
7.777209129999969051e-01 7.899999999999993250e+00
7.727839999999968068e-01 7.889999999999993463e+00
7.673766469999965256e-01 7.879999999999993676e+00
7.614956559999964680e-01 7.869999999999993889e+00
7.551378289999962634e-01 7.859999999999994102e+00
7.482999679999962073e-01 7.849999999999994316e+00
7.409788749999959290e-01 7.839999999999994529e+00
7.331713519999960571e-01 7.829999999999994742e+00
7.248742009999962210e-01 7.819999999999994955e+00
7.160842239999958281e-01 7.809999999999995168e+00
7.067982229999960619e-01 7.799999999999995381e+00
6.970129999999958859e-01 7.789999999999995595e+00
6.867253569999960394e-01 7.779999999999995808e+00
6.759320959999960410e-01 7.769999999999996021e+00
6.646300189999961860e-01 7.759999999999996234e+00
6.528159279999963260e-01 7.749999999999996447e+00
6.404866249999963124e-01 7.739999999999996660e+00
6.276389119999965516e-01 7.729999999999996874e+00
6.142695909999967840e-01 7.719999999999997087e+00
6.003754639999968612e-01 7.709999999999997300e+00
5.859533329999971896e-01 7.699999999999997513e+00
5.709999999999973985e-01 7.689999999999997726e+00
5.555122669999976726e-01 7.679999999999997939e+00
5.394869359999980851e-01 7.669999999999998153e+00
5.229208089999981546e-01 7.659999999999998366e+00
5.058106879999986205e-01 7.649999999999998579e+00
4.881533749999987792e-01 7.639999999999998792e+00
4.699456719999991483e-01 7.629999999999999005e+00
4.511843809999994681e-01 7.619999999999999218e+00
4.318663040000000342e-01 7.609999999999999432e+00
4.119882430000004758e-01 7.599999999999999645e+00
