-1.233926340999845550e+00 8.899999999999971934e+00
-1.178367999999849536e+00 8.889999999999972147e+00
-1.123845978999853612e+00 8.879999999999972360e+00
-1.070354391999857491e+00 8.869999999999972573e+00
-1.017887352999861328e+00 8.859999999999972786e+00
-9.664389759998650575e-01 8.849999999999972999e+00
-9.160033749998688357e-01 8.839999999999973213e+00
-8.665746639998723744e-01 8.829999999999973426e+00
-8.181469569998761626e-01 8.819999999999973639e+00
-7.707143679998795793e-01 8.809999999999973852e+00
-7.242710109998832246e-01 8.799999999999974065e+00
-6.788109999998864774e-01 8.789999999999974278e+00
-6.343284489998899378e-01 8.779999999999974492e+00
-5.908174719998932067e-01 8.769999999999974705e+00
-5.482721829998966623e-01 8.759999999999974918e+00
-5.066866959998997944e-01 8.749999999999975131e+00
-4.660551249999030365e-01 8.739999999999975344e+00
-4.263715839999061563e-01 8.729999999999975557e+00
-3.876301869999092542e-01 8.719999999999975770e+00
-3.498250479999122087e-01 8.709999999999975984e+00
-3.129502809999152313e-01 8.699999999999976197e+00
-2.769999999999180895e-01 8.689999999999976410e+00
-2.419683189999209116e-01 8.679999999999976623e+00
-2.078493519999237427e-01 8.669999999999976836e+00
-1.746372129999264888e-01 8.659999999999977049e+00
-1.423260159999291674e-01 8.649999999999977263e+00
-1.109098749999318095e-01 8.639999999999977476e+00
-8.038290399993441859e-02 8.629999999999977689e+00
-5.073921699993696327e-02 8.619999999999977902e+00
-2.197292799993944695e-02 8.609999999999978115e+00
5.921849000058113099e-03 8.599999999999978328e+00
3.295100000005571350e-02 8.589999999999978542e+00
5.912041100005337169e-02 8.579999999999978755e+00
8.443596800005108427e-02 8.569999999999978968e+00
1.089035570000488340e-01 8.559999999999979181e+00
1.325290640000466313e-01 8.549999999999979394e+00
1.553183750000444729e-01 8.539999999999979607e+00
1.772773760000423970e-01 8.529999999999979821e+00
1.984119530000403031e-01 8.519999999999980034e+00
2.187279920000383127e-01 8.509999999999980247e+00
2.382313790000363252e-01 8.499999999999980460e+00
2.569280000000344621e-01 8.489999999999980673e+00
2.748237410000325398e-01 8.479999999999980886e+00
2.919244880000307352e-01 8.469999999999981100e+00
3.082361270000289477e-01 8.459999999999981313e+00
3.237645440000271879e-01 8.449999999999981526e+00
3.385156250000254663e-01 8.439999999999981739e+00
3.524952560000238488e-01 8.429999999999981952e+00
3.657093230000222350e-01 8.419999999999982165e+00
3.781637120000206909e-01 8.409999999999982379e+00
3.898643090000190048e-01 8.399999999999982592e+00
4.008170000000176869e-01 8.389999999999982805e+00
4.110276710000160816e-01 8.379999999999983018e+00
4.205022080000148099e-01 8.369999999999983231e+00
4.292464970000133273e-01 8.359999999999983444e+00
4.372664240000121438e-01 8.349999999999983658e+00
4.445678750000107704e-01 8.339999999999983871e+00
4.511567360000097171e-01 8.329999999999984084e+00
4.570388930000081062e-01 8.319999999999984297e+00
4.622202320000070586e-01 8.309999999999984510e+00
4.667066390000060849e-01 8.299999999999984723e+00
4.705040000000050293e-01 8.289999999999984936e+00
4.736182010000037357e-01 8.279999999999985150e+00
4.760551280000028251e-01 8.269999999999985363e+00
4.778206670000020306e-01 8.259999999999985576e+00
4.789207040000011961e-01 8.249999999999985789e+00
4.793611249999999435e-01 8.239999999999986002e+00
4.791478159999992270e-01 8.229999999999986215e+00
4.782866629999984465e-01 8.219999999999986429e+00
4.767835519999977234e-01 8.209999999999986642e+00
4.746443689999966242e-01 8.199999999999986855e+00
4.718749999999961031e-01 8.189999999999987068e+00
4.684813309999954489e-01 8.179999999999987281e+00
4.644692479999950052e-01 8.169999999999987494e+00
4.598446369999938943e-01 8.159999999999987708e+00
4.546133839999934034e-01 8.149999999999987921e+00
4.487813749999932100e-01 8.139999999999988134e+00
4.423544959999927140e-01 8.129999999999988347e+00
4.353386329999918702e-01 8.119999999999988560e+00
4.277396719999914110e-01 8.109999999999988773e+00
4.195634989999911801e-01 8.099999999999988987e+00
4.108159999999904666e-01 8.089999999999989200e+00
4.015030609999900579e-01 8.079999999999989413e+00
3.916305679999900202e-01 8.069999999999989626e+00
3.812044069999895868e-01 8.059999999999989839e+00
3.702304639999888791e-01 8.049999999999990052e+00
3.587146249999887404e-01 8.039999999999990266e+00
3.466627759999886260e-01 8.029999999999990479e+00
3.340808029999887130e-01 8.019999999999990692e+00
3.209745919999883457e-01 8.009999999999990905e+00
3.073500289999882007e-01 7.999999999999991118e+00
2.932129999999881220e-01 7.989999999999991331e+00
2.785693909999881202e-01 7.979999999999991545e+00
2.634250879999878170e-01 7.969999999999991758e+00
2.477859769999876116e-01 7.959999999999991971e+00
2.316579439999879586e-01 7.949999999999992184e+00
2.150468749999879248e-01 7.939999999999992397e+00
1.979586559999880757e-01 7.929999999999992610e+00
1.803991729999878113e-01 7.919999999999992824e+00
1.623743119999881412e-01 7.909999999999993037e+00
1.438899589999885764e-01 7.899999999999993250e+00
1.249519999999881836e-01 7.889999999999993463e+00
1.055663209999884167e-01 7.879999999999993676e+00
8.573880799998856439e-02 7.869999999999993889e+00
6.547534699998902585e-02 7.859999999999994102e+00
4.478182399998908991e-02 7.849999999999994316e+00
2.366412499998926666e-02 7.839999999999994529e+00
2.128135999989955174e-03 7.829999999999994742e+00
-1.982025700001022184e-02 7.819999999999994955e+00
-4.217516800001019917e-02 7.809999999999995168e+00
-6.493071100000957774e-02 7.799999999999995381e+00
-8.808100000000940177e-02 7.789999999999995595e+00
-1.116201490000091612e-01 7.779999999999995808e+00
-1.355422720000083459e-01 7.769999999999996021e+00
-1.598414830000083331e-01 7.759999999999996234e+00
-1.845118960000072805e-01 7.749999999999996447e+00
-2.095476250000074536e-01 7.739999999999996660e+00
-2.349427840000074541e-01 7.729999999999996874e+00
-2.606914870000071049e-01 7.719999999999997087e+00
-2.867878480000061181e-01 7.709999999999997300e+00
-3.132259810000059819e-01 7.699999999999997513e+00
-3.400000000000047429e-01 7.689999999999997726e+00
-3.671040190000038894e-01 7.679999999999997939e+00
-3.945321520000035775e-01 7.669999999999998153e+00
-4.222785130000037412e-01 7.659999999999998366e+00
-4.503372160000032043e-01 7.649999999999998579e+00
-4.787023750000027889e-01 7.639999999999998792e+00
-5.073681040000010967e-01 7.629999999999999005e+00
-5.363285170000018365e-01 7.619999999999999218e+00
-5.655777280000000573e-01 7.609999999999999432e+00
-5.951098510000001340e-01 7.599999999999999645e+00
