1.207579190000639818e-01 8.899999999999971934e+00
1.437520000000624132e-01 8.889999999999972147e+00
1.663651610000608794e-01 8.879999999999972360e+00
1.885999280000593692e-01 8.869999999999972573e+00
2.104588270000579686e-01 8.859999999999972786e+00
2.319443840000564860e-01 8.849999999999972999e+00
2.530591250000550074e-01 8.839999999999973213e+00
2.738055760000536187e-01 8.829999999999973426e+00
2.941862630000522949e-01 8.819999999999973639e+00
3.142037120000508721e-01 8.809999999999973852e+00
3.338604490000495750e-01 8.799999999999974065e+00
3.531590000000482954e-01 8.789999999999974278e+00
3.721018910000469804e-01 8.779999999999974492e+00
3.906916480000456882e-01 8.769999999999974705e+00
4.089307970000444770e-01 8.759999999999974918e+00
4.268218640000432385e-01 8.749999999999975131e+00
4.443673750000419753e-01 8.739999999999975344e+00
4.615698560000408013e-01 8.729999999999975557e+00
4.784318330000396635e-01 8.719999999999975770e+00
4.949558320000384537e-01 8.709999999999975984e+00
5.111443790000373966e-01 8.699999999999976197e+00
5.270000000000362173e-01 8.689999999999976410e+00
5.425252210000350850e-01 8.679999999999976623e+00
5.577225680000341690e-01 8.669999999999976836e+00
5.725945670000330834e-01 8.659999999999977049e+00
5.871437440000319974e-01 8.649999999999977263e+00
6.013726250000309692e-01 8.639999999999977476e+00
6.152837360000299460e-01 8.629999999999977689e+00
6.288796030000290971e-01 8.619999999999977902e+00
6.421627520000280365e-01 8.609999999999978115e+00
6.551357090000271555e-01 8.599999999999978328e+00
6.678010000000261792e-01 8.589999999999978542e+00
6.801611510000252769e-01 8.579999999999978755e+00
6.922186880000243958e-01 8.569999999999978968e+00
7.039761370000235940e-01 8.559999999999979181e+00
7.154360240000228188e-01 8.549999999999979394e+00
7.266008750000217953e-01 8.539999999999979607e+00
7.374732160000211367e-01 8.529999999999979821e+00
7.480555730000203463e-01 8.519999999999980034e+00
7.583504720000195931e-01 8.509999999999980247e+00
7.683604390000188245e-01 8.499999999999980460e+00
7.780880000000179875e-01 8.489999999999980673e+00
7.875356810000173624e-01 8.479999999999980886e+00
7.967060080000165634e-01 8.469999999999981100e+00
8.056015070000159817e-01 8.459999999999981313e+00
8.142247040000153424e-01 8.449999999999981526e+00
8.225781250000145928e-01 8.439999999999981739e+00
8.306642960000139020e-01 8.429999999999981952e+00
8.384857430000133283e-01 8.419999999999982165e+00
8.460449920000128188e-01 8.409999999999982379e+00
8.533445690000120987e-01 8.399999999999982592e+00
8.603870000000115592e-01 8.389999999999982805e+00
8.671748110000111476e-01 8.379999999999983018e+00
8.737105280000103669e-01 8.369999999999983231e+00
8.799966770000098304e-01 8.359999999999983444e+00
8.860357840000093743e-01 8.349999999999983658e+00
8.918303750000089458e-01 8.339999999999983871e+00
8.973829760000084921e-01 8.329999999999984084e+00
9.026961130000079603e-01 8.319999999999984297e+00
9.077723120000072976e-01 8.309999999999984510e+00
9.126140990000071174e-01 8.299999999999984723e+00
9.172240000000067006e-01 8.289999999999984936e+00
9.216045410000061056e-01 8.279999999999985150e+00
9.257582480000058345e-01 8.269999999999985363e+00
9.296876470000052795e-01 8.259999999999985576e+00
9.333952640000049428e-01 8.249999999999985789e+00
9.368836250000047716e-01 8.239999999999986002e+00
9.401552560000041581e-01 8.229999999999986215e+00
9.432126830000037154e-01 8.219999999999986429e+00
9.460584320000035019e-01 8.209999999999986642e+00
9.486950290000032426e-01 8.199999999999986855e+00
9.511250000000031068e-01 8.189999999999987068e+00
9.533508710000025976e-01 8.179999999999987281e+00
9.553751680000023283e-01 8.169999999999987494e+00
9.572004170000020240e-01 8.159999999999987708e+00
9.588291440000018540e-01 8.149999999999987921e+00
9.602638750000014323e-01 8.139999999999988134e+00
9.615071360000013723e-01 8.129999999999988347e+00
9.625614530000010660e-01 8.119999999999988560e+00
9.634293520000007938e-01 8.109999999999988773e+00
9.641133590000007247e-01 8.099999999999988987e+00
9.646160000000004731e-01 8.089999999999989200e+00
9.649398010000000969e-01 8.079999999999989413e+00
9.650872880000000986e-01 8.069999999999989626e+00
9.650609869999999813e-01 8.059999999999989839e+00
9.648634239999998030e-01 8.049999999999990052e+00
9.644971249999994001e-01 8.039999999999990266e+00
9.639646159999992747e-01 8.029999999999990479e+00
9.632684229999993741e-01 8.019999999999990692e+00
9.624110719999993124e-01 8.009999999999990905e+00
9.613950889999992588e-01 7.999999999999991118e+00
9.602229999999988275e-01 7.989999999999991331e+00
9.588973309999988537e-01 7.979999999999991545e+00
9.574206079999988406e-01 7.969999999999991758e+00
9.557953569999987353e-01 7.959999999999991971e+00
9.540241039999988182e-01 7.949999999999992184e+00
9.521093749999984812e-01 7.939999999999992397e+00
9.500536959999985598e-01 7.929999999999992610e+00
9.478595929999985570e-01 7.919999999999992824e+00
9.455295919999986420e-01 7.909999999999993037e+00
9.430662189999986511e-01 7.899999999999993250e+00
9.404719999999981983e-01 7.889999999999993463e+00
9.377494609999983410e-01 7.879999999999993676e+00
9.349011279999983604e-01 7.869999999999993889e+00
9.319295269999985365e-01 7.859999999999994102e+00
9.288371839999982615e-01 7.849999999999994316e+00
9.256266249999982598e-01 7.839999999999994529e+00
9.223003759999984785e-01 7.829999999999994742e+00
9.188609629999984207e-01 7.819999999999994955e+00
9.153109119999986998e-01 7.809999999999995168e+00
9.116527489999983747e-01 7.799999999999995381e+00
9.078889999999985028e-01 7.789999999999995595e+00
9.040221909999988092e-01 7.779999999999995808e+00
9.000548479999987972e-01 7.769999999999996021e+00
8.959894969999988579e-01 7.759999999999996234e+00
8.918286639999987164e-01 7.749999999999996447e+00
8.875748749999988751e-01 7.739999999999996660e+00
8.832306559999988371e-01 7.729999999999996874e+00
8.787985329999989936e-01 7.719999999999997087e+00
8.742810319999987367e-01 7.709999999999997300e+00
8.696806789999989018e-01 7.699999999999997513e+00
8.649999999999993250e-01 7.689999999999997726e+00
8.602415209999993984e-01 7.679999999999997939e+00
8.554077679999996242e-01 7.669999999999998153e+00
8.505012669999991726e-01 7.659999999999998366e+00
8.455245439999994339e-01 7.649999999999998579e+00
8.404801249999995783e-01 7.639999999999998792e+00
8.353705359999997748e-01 7.629999999999999005e+00
8.301983029999999708e-01 7.619999999999999218e+00
8.249659519999998913e-01 7.609999999999999432e+00
8.196760089999999277e-01 7.599999999999999645e+00
