-1.189826340999857068e+00 8.899999999999971934e+00
-1.138367999999860380e+00 8.889999999999972147e+00
-1.087745978999863805e+00 8.879999999999972360e+00
-1.037954391999867276e+00 8.869999999999972573e+00
-9.889873529998703949e-01 8.859999999999972786e+00
-9.408389759998735391e-01 8.849999999999972999e+00
-8.935033749998766428e-01 8.839999999999973213e+00
-8.469746639998797511e-01 8.829999999999973426e+00
-8.012469569998827978e-01 8.819999999999973639e+00
-7.563143679998857172e-01 8.809999999999973852e+00
-7.121710109998887761e-01 8.799999999999974065e+00
-6.688109999998915756e-01 8.789999999999974278e+00
-6.262284489998944936e-01 8.779999999999974492e+00
-5.844174719998972423e-01 8.769999999999974705e+00
-5.433721829999000885e-01 8.759999999999974918e+00
-5.030866959999027443e-01 8.749999999999975131e+00
-4.635551249999054768e-01 8.739999999999975344e+00
-4.247715839999080534e-01 8.729999999999975557e+00
-3.867301869999106856e-01 8.719999999999975770e+00
-3.494250479999131964e-01 8.709999999999975984e+00
-3.128502809999156864e-01 8.699999999999976197e+00
-2.769999999999180895e-01 8.689999999999976410e+00
-2.418683189999204508e-01 8.679999999999976623e+00
-2.074493519999228153e-01 8.669999999999976836e+00
-1.737372129999251447e-01 8.659999999999977049e+00
-1.407260159999273730e-01 8.649999999999977263e+00
-1.084098749999296146e-01 8.639999999999977476e+00
-7.678290399993180360e-02 8.629999999999977689e+00
-4.583921699993393634e-02 8.619999999999977902e+00
-1.557292799993602837e-02 8.609999999999978115e+00
1.402184900006192211e-02 8.599999999999978328e+00
4.295100000005989960e-02 8.589999999999978542e+00
7.122041100005793712e-02 8.579999999999978755e+00
9.883596800005600702e-02 8.569999999999978968e+00
1.258035570000541337e-01 8.559999999999979181e+00
1.521290640000522720e-01 8.549999999999979394e+00
1.778183750000504326e-01 8.539999999999979607e+00
2.028773760000486814e-01 8.529999999999979821e+00
2.273119530000469179e-01 8.519999999999980034e+00
2.511279920000452082e-01 8.509999999999980247e+00
2.743313790000435626e-01 8.499999999999980460e+00
2.969280000000419917e-01 8.489999999999980673e+00
3.189237410000403394e-01 8.479999999999980886e+00
3.403244880000388384e-01 8.469999999999981100e+00
3.611361270000373325e-01 8.459999999999981313e+00
3.813645440000357767e-01 8.449999999999981526e+00
4.010156250000343481e-01 8.439999999999981739e+00
4.200952560000329461e-01 8.429999999999981952e+00
4.386093230000315812e-01 8.419999999999982165e+00
4.565637120000302640e-01 8.409999999999982379e+00
4.739643090000288383e-01 8.399999999999982592e+00
4.908170000000277033e-01 8.389999999999982805e+00
5.071276710000263144e-01 8.379999999999983018e+00
5.229022080000251815e-01 8.369999999999983231e+00
5.381464970000238157e-01 8.359999999999983444e+00
5.528664240000229491e-01 8.349999999999983658e+00
5.670678750000216484e-01 8.339999999999983871e+00
5.807567360000208678e-01 8.329999999999984084e+00
5.939388930000194522e-01 8.319999999999984297e+00
6.066202320000184667e-01 8.309999999999984510e+00
6.188066390000176442e-01 8.299999999999984723e+00
6.305040000000167177e-01 8.289999999999984936e+00
6.417182010000155312e-01 8.279999999999985150e+00
6.524551280000147058e-01 8.269999999999985363e+00
6.627206670000139743e-01 8.259999999999985576e+00
6.725207040000132919e-01 8.249999999999985789e+00
6.818611250000120583e-01 8.239999999999986002e+00
6.907478160000114498e-01 8.229999999999986215e+00
6.991866630000107552e-01 8.219999999999986429e+00
7.071835520000100406e-01 8.209999999999986642e+00
7.147443690000091499e-01 8.199999999999986855e+00
7.218750000000084821e-01 8.189999999999987068e+00
7.285813310000078813e-01 8.179999999999987281e+00
7.348692480000075244e-01 8.169999999999987494e+00
7.407446370000064784e-01 8.159999999999987708e+00
7.462133840000059193e-01 8.149999999999987921e+00
7.512813750000055801e-01 8.139999999999988134e+00
7.559544960000053049e-01 8.129999999999988347e+00
7.602386330000042713e-01 8.119999999999988560e+00
7.641396720000038778e-01 8.109999999999988773e+00
7.676634990000035241e-01 8.099999999999988987e+00
7.708160000000028322e-01 8.089999999999989200e+00
7.736030610000024232e-01 8.079999999999989413e+00
7.760305680000021411e-01 8.069999999999989626e+00
7.781044070000018298e-01 8.059999999999989839e+00
7.798304640000011112e-01 8.049999999999990052e+00
7.812146250000008285e-01 8.039999999999990266e+00
7.822627760000006036e-01 8.029999999999990479e+00
7.829808030000005026e-01 8.019999999999990692e+00
7.833745919999998142e-01 8.009999999999990905e+00
7.834500289999997147e-01 7.999999999999991118e+00
7.832129999999997150e-01 7.989999999999991331e+00
7.826693909999994370e-01 7.979999999999991545e+00
7.818250879999988356e-01 7.969999999999991758e+00
7.806859769999986431e-01 7.959999999999991971e+00
7.792579439999987034e-01 7.949999999999992184e+00
7.775468749999985274e-01 7.939999999999992397e+00
7.755586559999981811e-01 7.929999999999992610e+00
7.732991729999982855e-01 7.919999999999992824e+00
7.707743119999983517e-01 7.909999999999993037e+00
7.679899589999982235e-01 7.899999999999993250e+00
7.649519999999976339e-01 7.889999999999993463e+00
7.616663209999976480e-01 7.879999999999993676e+00
7.581388079999979990e-01 7.869999999999993889e+00
7.543753469999981975e-01 7.859999999999994102e+00
7.503818239999979767e-01 7.849999999999994316e+00
7.461641249999978465e-01 7.839999999999994529e+00
7.417281359999982060e-01 7.829999999999994742e+00
7.370797429999976780e-01 7.819999999999994955e+00
7.322248319999973276e-01 7.809999999999995168e+00
7.271692889999975540e-01 7.799999999999995381e+00
7.219189999999977569e-01 7.789999999999995595e+00
7.164798509999975584e-01 7.779999999999995808e+00
7.108577279999979126e-01 7.769999999999996021e+00
7.050585169999978863e-01 7.759999999999996234e+00
6.990881039999979896e-01 7.749999999999996447e+00
6.929523749999977333e-01 7.739999999999996660e+00
6.866572159999980718e-01 7.729999999999996874e+00
6.802085129999978497e-01 7.719999999999997087e+00
6.736121519999982432e-01 7.709999999999997300e+00
6.668740189999982082e-01 7.699999999999997513e+00
6.599999999999983658e-01 7.689999999999997726e+00
6.529959809999990039e-01 7.679999999999997939e+00
6.458678479999990785e-01 7.669999999999998153e+00
6.386214869999986554e-01 7.659999999999998366e+00
6.312627839999989110e-01 7.649999999999998579e+00
6.237976249999990230e-01 7.639999999999998792e+00
6.162318959999995016e-01 7.629999999999999005e+00
6.085714829999988584e-01 7.619999999999999218e+00
6.008222719999993799e-01 7.609999999999999432e+00
5.929901490000002440e-01 7.599999999999999645e+00
