-2.264556667474360019e+00 8.899999999999971934e+00
-2.268649319812702458e+00 8.889999999999972147e+00
-2.273637225158627206e+00 8.879999999999972360e+00
-2.279481460262346548e+00 8.869999999999972573e+00
-2.286143491011547901e+00 8.859999999999972786e+00
-2.293585168076782921e+00 8.849999999999972999e+00
-2.301768723045235721e+00 8.839999999999973213e+00
-2.310656764999952539e+00 8.829999999999973426e+00
-2.320212277504340115e+00 8.819999999999973639e+00
-2.330398615954400565e+00 8.809999999999973852e+00
-2.341179505263766725e+00 8.799999999999974065e+00
-2.352519037849134076e+00 8.789999999999974278e+00
-2.364381671886190972e+00 8.779999999999974492e+00
-2.376732229808618868e+00 8.769999999999974705e+00
-2.389535897025161226e+00 8.759999999999974918e+00
-2.402758220832187597e+00 8.749999999999975131e+00
-2.416365109501575681e+00 8.739999999999975344e+00
-2.430322831526135818e+00 8.729999999999975557e+00
-2.444598015007161784e+00 8.719999999999975770e+00
-2.459157647171092975e+00 8.709999999999975984e+00
-2.473969074004633839e+00 8.699999999999976197e+00
-2.489000000000034962e+00 8.689999999999976410e+00
-2.504218488004633869e+00 8.679999999999976623e+00
-2.519592959171093050e+00 8.669999999999976836e+00
-2.535092193007162376e+00 8.659999999999977049e+00
-2.550685327526136525e+00 8.649999999999977263e+00
-2.566341859501577005e+00 8.639999999999977476e+00
-2.582031644832189166e+00 8.629999999999977689e+00
-2.597724899025163126e+00 8.619999999999977902e+00
-2.613392197808621198e+00 8.609999999999978115e+00
-2.629004477886193847e+00 8.599999999999978328e+00
-2.644533037849137180e+00 8.589999999999978542e+00
-2.659949539263770646e+00 8.579999999999978755e+00
-2.675226007954405016e+00 8.569999999999978968e+00
-2.690334835504344824e+00 8.559999999999979181e+00
-2.705248780999958136e+00 8.549999999999979394e+00
-2.719940973045241961e+00 8.539999999999979607e+00
-2.734384912076790020e+00 8.529999999999979821e+00
-2.748554473011556532e+00 8.519999999999980034e+00
-2.762423908262356065e+00 8.509999999999980247e+00
-2.775967851158638311e+00 8.499999999999980460e+00
-2.789161319812714979e+00 8.489999999999980673e+00
-2.801979721474373353e+00 8.479999999999980886e+00
-2.814398857419603495e+00 8.469999999999981100e+00
-2.826394928422110375e+00 8.459999999999981313e+00
-2.837944540859326459e+00 8.449999999999981526e+00
-2.849024713507822604e+00 8.439999999999981739e+00
-2.859612885086393774e+00 8.429999999999981952e+00
-2.869686922608615021e+00 8.419999999999982165e+00
-2.879225130610456596e+00 8.409999999999982379e+00
-2.888206261322537216e+00 8.399999999999982592e+00
-2.896609525860906587e+00 8.389999999999982805e+00
-2.904414606514845953e+00 8.379999999999983018e+00
-2.911601670215151927e+00 8.369999999999983231e+00
-2.918151383271748500e+00 8.359999999999983444e+00
-2.924044927475279998e+00 8.349999999999983658e+00
-2.929264017663690378e+00 8.339999999999983871e+00
-2.933790920861669704e+00 8.329999999999984084e+00
-2.937608477108391902e+00 8.319999999999984297e+00
-2.940700122097192448e+00 8.309999999999984510e+00
-2.943049911759837212e+00 8.299999999999984723e+00
-2.944642548937930648e+00 8.289999999999984936e+00
-2.945463412294845540e+00 8.279999999999985150e+00
-2.945498587633486931e+00 8.269999999999985363e+00
-2.944734901798301330e+00 8.259999999999985576e+00
-2.943159959354396449e+00 8.249999999999985789e+00
-2.940762182252507628e+00 8.239999999999986002e+00
-2.937530852706114359e+00 8.229999999999986215e+00
-2.933456159526301565e+00 8.219999999999986429e+00
-2.928529248181340527e+00 8.209999999999986642e+00
-2.922742274871513501e+00 8.199999999999986855e+00
-2.916088464935746583e+00 8.189999999999987068e+00
-2.908562175935427430e+00 8.179999999999987281e+00
-2.900158965792614119e+00 8.169999999999987494e+00
-2.890875666395117172e+00 8.159999999999987708e+00
-2.880710463119971365e+00 8.149999999999987921e+00
-2.869662980770067762e+00 8.139999999999988134e+00
-2.857734376466727788e+00 8.129999999999988347e+00
-2.844927440094178639e+00 8.119999999999988560e+00
-2.831246702951020211e+00 8.109999999999988773e+00
-2.816698555329399944e+00 8.099999999999988987e+00
-2.801291373815599783e+00 8.089999999999989200e+00
-2.785035659186934964e+00 8.079999999999989413e+00
-2.767944185870256035e+00 8.069999999999989626e+00
-2.750032164028060500e+00 8.059999999999989839e+00
-2.731317415450518205e+00 8.049999999999990052e+00
-2.711820564557046787e+00 8.039999999999990266e+00
-2.691565245951032637e+00 8.029999999999990479e+00
-2.670578330127744149e+00 8.019999999999990692e+00
-2.648890169110538650e+00 8.009999999999990905e+00
-2.626534863986442758e+00 7.999999999999991118e+00
-2.603550556531871507e+00 7.989999999999991331e+00
-2.579979747365677589e+00 7.979999999999991545e+00
-2.555869643343402942e+00 7.969999999999991758e+00
-2.531272537217622798e+00 7.959999999999991971e+00
-2.506246222939101820e+00 7.949999999999992184e+00
-2.480854450367496078e+00 7.939999999999992397e+00
-2.455167423604437182e+00 7.929999999999992610e+00
-2.429262347662976218e+00 7.919999999999992824e+00
-2.403224028753442099e+00 7.909999999999993037e+00
-2.377145534105789437e+00 7.899999999999993250e+00
-2.351128917973061228e+00 7.889999999999993463e+00
-2.325286021281518956e+00 7.879999999999993676e+00
-2.299739353324279811e+00 7.869999999999993889e+00
-2.274623064952866258e+00 7.859999999999994102e+00
-2.250084023923444310e+00 7.849999999999994316e+00
-2.226283004422942913e+00 7.839999999999994529e+00
-2.203396004359644778e+00 7.829999999999994742e+00
-2.181615705781653425e+00 7.819999999999994955e+00
-2.161153095818366232e+00 7.809999999999995168e+00
-2.142239267863300434e+00 7.799999999999995381e+00
-2.125127425376313717e+00 7.789999999999995595e+00
-2.110095113732045835e+00 7.779999999999995808e+00
-2.097446709040237334e+00 7.769999999999996021e+00
-2.087516196884156461e+00 7.759999999999996234e+00
-2.080670278549157093e+00 7.749999999999996447e+00
-2.077311847642330012e+00 7.739999999999996660e+00
-2.077883886151149273e+00 7.729999999999996874e+00
-2.082873836088862340e+00 7.719999999999997087e+00
-2.092818511085532851e+00 7.709999999999997300e+00
-2.108309621793027056e+00 7.699999999999997513e+00
-2.130000000000003446e+00 7.689999999999997726e+00
-2.158610619159106125e+00 7.679999999999997939e+00
-2.194938523920626938e+00 7.669999999999998153e+00
-2.239865798609283143e+00 7.659999999999998366e+00
-2.294369724805147115e+00 7.649999999999998579e+00
-2.359534301809642631e+00 7.639999999999998792e+00
-2.436563331403192034e+00 7.629999999999999005e+00
-2.526795300659961274e+00 7.619999999999999218e+00
-2.631720334545245343e+00 7.609999999999999432e+00
-2.752999534619716471e+00 7.599999999999999645e+00
