-8.211092900798527827e-01 8.899999999999971934e+00
-7.679647999998551189e-01 8.889999999999972147e+00
-7.153056072798577025e-01 8.879999999999972360e+00
-6.631335836798601946e-01 8.869999999999972573e+00
-6.114505212798624356e-01 8.859999999999972786e+00
-5.602581324798648899e-01 8.849999999999972999e+00
-5.095580499998672019e-01 8.839999999999973213e+00
-4.593518268798696402e-01 8.829999999999973426e+00
-4.096409364798720976e-01 8.819999999999973639e+00
-3.604267724798744243e-01 8.809999999999973852e+00
-3.117106488798766506e-01 8.799999999999974065e+00
-2.634937999998789859e-01 8.789999999999974278e+00
-2.157773804798812645e-01 8.779999999999974492e+00
-1.685624652798834999e-01 8.769999999999974705e+00
-1.218500496798857469e-01 8.759999999999974918e+00
-7.564104927988798965e-02 8.749999999999975131e+00
-2.993629999989017021e-02 8.739999999999975344e+00
1.526344192010763851e-02 8.729999999999975557e+00
5.995749992010548923e-02 8.719999999999975770e+00
1.041452771201033384e-01 8.709999999999975984e+00
1.478262563201012125e-01 8.699999999999976197e+00
1.910000000000991183e-01 8.689999999999976410e+00
2.336661503200970491e-01 8.679999999999976623e+00
2.758244291200949716e-01 8.669999999999976836e+00
3.174746379200929502e-01 8.659999999999977049e+00
3.586166579200909532e-01 8.649999999999977263e+00
3.992504500000889633e-01 8.639999999999977476e+00
4.393760547200869504e-01 8.629999999999977689e+00
4.789935923200850376e-01 8.619999999999977902e+00
5.181032627200831131e-01 8.609999999999978115e+00
5.567053455200812184e-01 8.599999999999978328e+00
5.948002000000793821e-01 8.589999999999978542e+00
6.323882651200773974e-01 8.579999999999978755e+00
6.694700595200755444e-01 8.569999999999978968e+00
7.060461815200737012e-01 8.559999999999979181e+00
7.421173091200720107e-01 8.549999999999979394e+00
7.776842000000703248e-01 8.539999999999979607e+00
8.127476915200684271e-01 8.529999999999979821e+00
8.473087007200668097e-01 8.519999999999980034e+00
8.813682243200650079e-01 8.509999999999980247e+00
9.149273387200634877e-01 8.499999999999980460e+00
9.479872000000616472e-01 8.489999999999980673e+00
9.805490439200602593e-01 8.479999999999980886e+00
1.012614185920058585e+00 8.469999999999981100e+00
1.044184021120057038e+00 8.459999999999981313e+00
1.075260024320055185e+00 8.449999999999981526e+00
1.105843750000053971e+00 8.439999999999981739e+00
1.135936832320052492e+00 8.429999999999981952e+00
1.165540985120050665e+00 8.419999999999982165e+00
1.194658001920049450e+00 8.409999999999982379e+00
1.223289755920048183e+00 8.399999999999982592e+00
1.251438200000046574e+00 8.389999999999982805e+00
1.279105366720045156e+00 8.379999999999983018e+00
1.306293368320043724e+00 8.369999999999983231e+00
1.333004396720042672e+00 8.359999999999983444e+00
1.359240723520040994e+00 8.349999999999983658e+00
1.385004700000040057e+00 8.339999999999983871e+00
1.410298757120038715e+00 8.329999999999984084e+00
1.435125405520037312e+00 8.319999999999984297e+00
1.459487235520036341e+00 8.309999999999984510e+00
1.483386917120034898e+00 8.299999999999984723e+00
1.506827200000034006e+00 8.289999999999984936e+00
1.529810913520032400e+00 8.279999999999985150e+00
1.552340966720031634e+00 8.269999999999985363e+00
1.574420348320030527e+00 8.259999999999985576e+00
1.596052126720029385e+00 8.249999999999985789e+00
1.617239450000028445e+00 8.239999999999986002e+00
1.637985545920027208e+00 8.229999999999986215e+00
1.658293721920026220e+00 8.219999999999986429e+00
1.678167365120025289e+00 8.209999999999986642e+00
1.697609942320024157e+00 8.199999999999986855e+00
1.716625000000022938e+00 8.189999999999987068e+00
1.735216164320022347e+00 8.179999999999987281e+00
1.753387141120021475e+00 8.169999999999987494e+00
1.771141715920020676e+00 8.159999999999987708e+00
1.788483753920019348e+00 8.149999999999987921e+00
1.805417200000018818e+00 8.139999999999988134e+00
1.821946078720018125e+00 8.129999999999988347e+00
1.838074494320017349e+00 8.119999999999988560e+00
1.853806630720016058e+00 8.109999999999988773e+00
1.869146751520015748e+00 8.099999999999988987e+00
1.884099200000014962e+00 8.089999999999989200e+00
1.898668399120014394e+00 8.079999999999989413e+00
1.912858851520014003e+00 8.069999999999989626e+00
1.926675139520012792e+00 8.059999999999989839e+00
1.940121925120012136e+00 8.049999999999990052e+00
1.953203950000011568e+00 8.039999999999990266e+00
1.965926035520011217e+00 8.029999999999990479e+00
1.978293082720010254e+00 8.019999999999990692e+00
1.990310072320010004e+00 8.009999999999990905e+00
2.001982064720009724e+00 7.999999999999991118e+00
2.013314200000009269e+00 7.989999999999991331e+00
2.024311697920008868e+00 7.979999999999991545e+00
2.034979857920007795e+00 7.969999999999991758e+00
2.045324059120007476e+00 7.959999999999991971e+00
2.055349760320007046e+00 7.949999999999992184e+00
2.065062500000006906e+00 7.939999999999992397e+00
2.074467896320006055e+00 7.929999999999992610e+00
2.083571647120005643e+00 7.919999999999992824e+00
2.092379529920005421e+00 7.909999999999993037e+00
2.100897401920005070e+00 7.899999999999993250e+00
2.109131200000004647e+00 7.889999999999993463e+00
2.117086940720004140e+00 7.879999999999993676e+00
2.124770720320003914e+00 7.869999999999993889e+00
2.132188714720004263e+00 7.859999999999994102e+00
2.139347179520003639e+00 7.849999999999994316e+00
2.146252450000002643e+00 7.839999999999994529e+00
2.152910941120003141e+00 7.829999999999994742e+00
2.159329147520002934e+00 7.819999999999994955e+00
2.165513643520002418e+00 7.809999999999995168e+00
2.171471083120002810e+00 7.799999999999995381e+00
2.177208200000002147e+00 7.789999999999995595e+00
2.182731807520001954e+00 7.779999999999995808e+00
2.188048798720002353e+00 7.769999999999996021e+00
2.193166146320001619e+00 7.759999999999996234e+00
2.198090902720001072e+00 7.749999999999996447e+00
2.202830200000001515e+00 7.739999999999996660e+00
2.207391249920001020e+00 7.729999999999996874e+00
2.211781343920000253e+00 7.719999999999997087e+00
2.216007853120000703e+00 7.709999999999997300e+00
2.220078228320000235e+00 7.699999999999997513e+00
2.224000000000001087e+00 7.689999999999997726e+00
2.227780778320000543e+00 7.679999999999997939e+00
2.231428253120000260e+00 7.669999999999998153e+00
2.234950193920000494e+00 7.659999999999998366e+00
2.238354449920000100e+00 7.649999999999998579e+00
2.241648950000000085e+00 7.639999999999998792e+00
2.244841702720000498e+00 7.629999999999999005e+00
2.247940796319999546e+00 7.619999999999999218e+00
2.250954398720000249e+00 7.609999999999999432e+00
2.253890757519999344e+00 7.599999999999999645e+00
