-1.459596403462790348e-01 8.899999999999971934e+00
-1.029372799998847510e-01 8.889999999999972147e+00
-6.163920249349024577e-02 8.879999999999972360e+00
-2.203574507509563699e-02 8.869999999999972573e+00
1.590280809529913755e-02 8.859999999999972786e+00
5.220621711369404644e-02 8.849999999999972999e+00
8.690427750008912489e-02 8.839999999999973213e+00
1.200268113664843261e-01 8.829999999999973426e+00
1.516036585848797302e-01 8.819999999999973639e+00
1.816646679552751387e-01 8.809999999999973852e+00
2.102396883736707967e-01 8.799999999999974065e+00
2.373585600000665818e-01 8.789999999999974278e+00
2.630511054264625392e-01 8.779999999999974492e+00
2.873471208448584724e-01 8.769999999999974705e+00
3.102763672152547558e-01 8.759999999999974918e+00
3.318685614336510659e-01 8.749999999999975131e+00
3.521533675000474428e-01 8.739999999999975344e+00
3.711603876864439933e-01 8.729999999999975557e+00
3.889191537048406477e-01 8.719999999999975770e+00
4.054591178752374736e-01 8.709999999999975984e+00
4.208096442936343773e-01 8.699999999999976197e+00
4.350000000000314726e-01 8.689999999999976410e+00
4.480593461464285610e-01 8.679999999999976623e+00
4.600167291648258328e-01 8.669999999999976836e+00
4.709010719352232921e-01 8.659999999999977049e+00
4.807411649536207365e-01 8.649999999999977263e+00
4.895656575000183475e-01 8.639999999999977476e+00
4.974030488064160038e-01 8.629999999999977689e+00
5.042816792248138169e-01 8.619999999999977902e+00
5.102297213952117216e-01 8.609999999999978115e+00
5.152751714136096783e-01 8.599999999999978328e+00
5.194458400000078191e-01 8.589999999999978542e+00
5.227693436664061499e-01 8.579999999999978755e+00
5.252730958848043086e-01 8.569999999999978968e+00
5.269842982552027655e-01 8.559999999999979181e+00
5.279299316736012493e-01 8.549999999999979394e+00
5.281367474999996148e-01 8.539999999999979607e+00
5.276312587263982667e-01 8.529999999999979821e+00
5.264397311447970296e-01 8.519999999999980034e+00
5.245881745151959041e-01 8.509999999999980247e+00
5.221023337335946035e-01 8.499999999999980460e+00
5.190076799999935320e-01 8.489999999999980673e+00
5.153294019863925435e-01 8.479999999999980886e+00
5.110923970047916987e-01 8.469999999999981100e+00
5.063212621751908005e-01 8.459999999999981313e+00
5.010402855935900401e-01 8.449999999999981526e+00
4.952734374999893663e-01 8.439999999999981739e+00
4.890443614463886313e-01 8.429999999999981952e+00
4.823763654647881260e-01 8.419999999999982165e+00
4.752924132351874498e-01 8.409999999999982379e+00
4.678151152535870438e-01 8.399999999999982592e+00
4.599667199999866729e-01 8.389999999999982805e+00
4.517691051063863483e-01 8.379999999999983018e+00
4.432437685247859749e-01 8.369999999999983231e+00
4.344118196951855526e-01 8.359999999999983444e+00
4.252939707135853231e-01 8.349999999999983658e+00
4.159105274999850277e-01 8.339999999999983871e+00
4.062813809663849418e-01 8.329999999999984084e+00
3.964259981847848557e-01 8.319999999999984297e+00
3.863634135551847204e-01 8.309999999999984510e+00
3.761122199735847937e-01 8.299999999999984723e+00
3.656905599999845657e-01 8.289999999999984936e+00
3.551161170263846811e-01 8.279999999999985150e+00
3.444061064447846987e-01 8.269999999999985363e+00
3.335772668151847919e-01 8.259999999999985576e+00
3.226458510335848406e-01 8.249999999999985789e+00
3.116276174999851323e-01 8.239999999999986002e+00
3.005378212863853427e-01 8.229999999999986215e+00
2.893912053047853483e-01 8.219999999999986429e+00
2.782019914751855949e-01 8.209999999999986642e+00
2.669838718935857447e-01 8.199999999999986855e+00
2.557499999999858775e-01 8.189999999999987068e+00
2.445129817463860822e-01 8.179999999999987281e+00
2.332848667647867413e-01 8.169999999999987494e+00
2.220771395351867628e-01 8.159999999999987708e+00
2.109007105535868898e-01 8.149999999999987921e+00
1.997659074999874329e-01 8.139999999999988134e+00
1.886824664063876111e-01 8.129999999999988347e+00
1.776595228247879743e-01 8.119999999999988560e+00
1.667056029951882179e-01 8.109999999999988773e+00
1.558286150135886339e-01 8.099999999999988987e+00
1.450358399999888692e-01 8.089999999999989200e+00
1.343339232663889049e-01 8.079999999999989413e+00
1.237288654847893826e-01 8.069999999999989626e+00
1.132260138551898498e-01 8.059999999999989839e+00
1.028300532735899886e-01 8.049999999999990052e+00
9.254499749999064995e-02 8.039999999999990266e+00
8.237418032639086396e-02 8.029999999999990479e+00
7.232024674479148318e-02 8.019999999999990692e+00
6.238514411519138769e-02 8.009999999999990905e+00
5.257011333359200289e-02 7.999999999999991118e+00
4.287567999999197799e-02 7.989999999999991331e+00
3.330164558639236994e-02 7.979999999999991545e+00
2.384707860479248764e-02 7.969999999999991758e+00
1.451030577519288323e-02 7.959999999999991971e+00
5.288903193593125218e-03 7.949999999999992184e+00
-3.820312500006473044e-03 7.939999999999992397e+00
-1.282129295360587284e-02 7.929999999999992610e+00
-2.171876693520605195e-02 7.919999999999992824e+00
-3.051824916480511130e-02 7.909999999999993037e+00
-3.922604914640553941e-02 7.899999999999993250e+00
-4.784928000000532311e-02 7.889999999999993463e+00
-5.639586729360498984e-02 7.879999999999993676e+00
-6.487455787520507444e-02 7.869999999999993889e+00
-7.329492870480469602e-02 7.859999999999994102e+00
-8.166739568640390967e-02 7.849999999999994316e+00
-9.000322250000458713e-02 7.839999999999994529e+00
-9.831452943360402541e-02 7.829999999999994742e+00
-1.066143022152037378e-01 7.819999999999994955e+00
-1.149164008448036456e-01 7.809999999999995168e+00
-1.232355684264030415e-01 7.799999999999995381e+00
-1.315874400000027200e-01 7.789999999999995595e+00
-1.399885513736038312e-01 7.779999999999995808e+00
-1.484563479552035159e-01 7.769999999999996021e+00
-1.570091935848029197e-01 7.759999999999996234e+00
-1.656663793664028272e-01 7.749999999999996447e+00
-1.744481325000024063e-01 7.739999999999996660e+00
-1.833756251136023363e-01 7.729999999999996874e+00
-1.924709830952024969e-01 7.719999999999997087e+00
-2.017572949248020442e-01 7.709999999999997300e+00
-2.112586205064020395e-01 7.699999999999997513e+00
-2.210000000000024167e-01 7.689999999999997726e+00
-2.310074626536016140e-01 7.679999999999997939e+00
-2.413080356352004241e-01 7.669999999999998153e+00
-2.519297528648016815e-01 7.659999999999998366e+00
-2.629016638464006794e-01 7.649999999999998579e+00
-2.742538425000018432e-01 7.639999999999998792e+00
-2.860173959936000987e-01 7.629999999999999005e+00
-2.982244735752013209e-01 7.619999999999999218e+00
-3.109082754048001496e-01 7.609999999999999432e+00
-3.241030613863998822e-01 7.599999999999999645e+00
