-8.783001577898834622e-01 8.899999999999971934e+00
-8.372463999998911444e-01 8.889999999999972147e+00
-7.986184253898983565e-01 8.879999999999972360e+00
-7.623495438399054969e-01 8.869999999999972573e+00
-7.283739193899123610e-01 8.859999999999972786e+00
-6.966265702399186965e-01 8.849999999999972999e+00
-6.670433687499249809e-01 8.839999999999973213e+00
-6.395610414399309773e-01 8.829999999999973426e+00
-6.141171689899367347e-01 8.819999999999973639e+00
-5.906501862399421432e-01 8.809999999999973852e+00
-5.690993821899476002e-01 8.799999999999974065e+00
-5.494048999999525673e-01 8.789999999999974278e+00
-5.315077369899573467e-01 8.779999999999974492e+00
-5.153497446399619708e-01 8.769999999999974705e+00
-5.008736285899664242e-01 8.759999999999974918e+00
-4.880229486399706440e-01 8.749999999999975131e+00
-4.767421187499746305e-01 8.739999999999975344e+00
-4.669764070399783362e-01 8.729999999999975557e+00
-4.586719357899819993e-01 8.719999999999975770e+00
-4.517756814399853660e-01 8.709999999999975984e+00
-4.462354745899886344e-01 8.699999999999976197e+00
-4.419999999999916773e-01 8.689999999999976410e+00
-4.390187965899945421e-01 8.679999999999976623e+00
-4.372422574399972839e-01 8.669999999999976836e+00
-4.366216297899998544e-01 8.659999999999977049e+00
-4.371090150400022134e-01 8.649999999999977263e+00
-4.386573687500045504e-01 8.639999999999977476e+00
-4.412205006400066742e-01 8.629999999999977689e+00
-4.447530745900086790e-01 8.619999999999977902e+00
-4.492106086400104448e-01 8.609999999999978115e+00
-4.545494749900121922e-01 8.599999999999978328e+00
-4.607269000000138170e-01 8.589999999999978542e+00
-4.677009641900152781e-01 8.579999999999978755e+00
-4.754306022400165421e-01 8.569999999999978968e+00
-4.838756029900178057e-01 8.559999999999979181e+00
-4.929966094400189958e-01 8.549999999999979394e+00
-5.027551187500201024e-01 8.539999999999979607e+00
-5.131134822400210682e-01 8.529999999999979821e+00
-5.240349053900217324e-01 8.519999999999980034e+00
-5.354834478400225528e-01 8.509999999999980247e+00
-5.474240233900231622e-01 8.499999999999980460e+00
-5.598224000000237011e-01 8.489999999999980673e+00
-5.726451997900241508e-01 8.479999999999980886e+00
-5.858598990400245565e-01 8.469999999999981100e+00
-5.994348281900250264e-01 8.459999999999981313e+00
-6.133391718400252879e-01 8.449999999999981526e+00
-6.275429687500254650e-01 8.439999999999981739e+00
-6.420171118400256338e-01 8.429999999999981952e+00
-6.567333481900257119e-01 8.419999999999982165e+00
-6.716642790400256802e-01 8.409999999999982379e+00
-6.867833597900256937e-01 8.399999999999982592e+00
-7.020649000000256379e-01 8.389999999999982805e+00
-7.174840633900254616e-01 8.379999999999983018e+00
-7.330168678400253990e-01 8.369999999999983231e+00
-7.486401853900250813e-01 8.359999999999983444e+00
-7.643317422400250916e-01 8.349999999999983658e+00
-7.800701187500245215e-01 8.339999999999983871e+00
-7.958347494400240807e-01 8.329999999999984084e+00
-8.116059229900238758e-01 8.319999999999984297e+00
-8.273647822400236329e-01 8.309999999999984510e+00
-8.430933241900231412e-01 8.299999999999984723e+00
-8.587744000000226974e-01 8.289999999999984936e+00
-8.743917149900222174e-01 8.279999999999985150e+00
-8.899298286400219027e-01 8.269999999999985363e+00
-9.053741545900213517e-01 8.259999999999985576e+00
-9.207109606400207813e-01 8.249999999999985789e+00
-9.359273687500203609e-01 8.239999999999986002e+00
-9.510113550400201010e-01 8.229999999999986215e+00
-9.659517497900194094e-01 8.219999999999986429e+00
-9.807382374400188674e-01 8.209999999999986642e+00
-9.953613565900182314e-01 8.199999999999986855e+00
-1.009812500000017765e+00 8.189999999999987068e+00
-1.024083914590017352e+00 8.179999999999987281e+00
-1.038168701440016717e+00 8.169999999999987494e+00
-1.052060815790016424e+00 8.159999999999987708e+00
-1.065755067040015547e+00 8.149999999999987921e+00
-1.079247118750014778e+00 8.139999999999988134e+00
-1.092533488640014872e+00 8.129999999999988347e+00
-1.105611548590014426e+00 8.119999999999988560e+00
-1.118479524640013434e+00 8.109999999999988773e+00
-1.131136496990012841e+00 8.099999999999988987e+00
-1.143582400000012544e+00 8.089999999999989200e+00
-1.155818022190012506e+00 8.079999999999989413e+00
-1.167845006240011418e+00 8.069999999999989626e+00
-1.179665848990011812e+00 8.059999999999989839e+00
-1.191283901440011395e+00 8.049999999999990052e+00
-1.202703368750010160e+00 8.039999999999990266e+00
-1.213929310240009940e+00 8.029999999999990479e+00
-1.224967639390009744e+00 8.019999999999990692e+00
-1.235825123840009088e+00 8.009999999999990905e+00
-1.246509385390008440e+00 7.999999999999991118e+00
-1.257028900000007887e+00 7.989999999999991331e+00
-1.267392997790008469e+00 7.979999999999991545e+00
-1.277611863040007734e+00 7.969999999999991758e+00
-1.287696534190007513e+00 7.959999999999991971e+00
-1.297658903840007039e+00 7.949999999999992184e+00
-1.307511718750006491e+00 7.939999999999992397e+00
-1.317268579840005671e+00 7.929999999999992610e+00
-1.326943942190006442e+00 7.919999999999992824e+00
-1.336553115040006068e+00 7.909999999999993037e+00
-1.346112261790005427e+00 7.899999999999993250e+00
-1.355638400000006349e+00 7.889999999999993463e+00
-1.365149401390004513e+00 7.879999999999993676e+00
-1.374663991840005428e+00 7.869999999999993889e+00
-1.384201751390005342e+00 7.859999999999994102e+00
-1.393783114240004339e+00 7.849999999999994316e+00
-1.403429368750003903e+00 7.839999999999994529e+00
-1.413162657440004244e+00 7.829999999999994742e+00
-1.423005976990004307e+00 7.819999999999994955e+00
-1.432983178240003319e+00 7.809999999999995168e+00
-1.443118966190003238e+00 7.799999999999995381e+00
-1.453438900000004086e+00 7.789999999999995595e+00
-1.463969392990003282e+00 7.779999999999995808e+00
-1.474737712640002751e+00 7.769999999999996021e+00
-1.485771980590003594e+00 7.759999999999996234e+00
-1.497101172640002975e+00 7.749999999999996447e+00
-1.508755118750003454e+00 7.739999999999996660e+00
-1.520764503040002769e+00 7.729999999999996874e+00
-1.533160863790003159e+00 7.719999999999997087e+00
-1.545976593440002489e+00 7.709999999999997300e+00
-1.559244938590003127e+00 7.699999999999997513e+00
-1.573000000000001730e+00 7.689999999999997726e+00
-1.587276732590001238e+00 7.679999999999997939e+00
-1.602110945440001988e+00 7.669999999999998153e+00
-1.617539301790002604e+00 7.659999999999998366e+00
-1.633599319040001774e+00 7.649999999999998579e+00
-1.650329368750002246e+00 7.639999999999998792e+00
-1.667768676640000614e+00 7.629999999999999005e+00
-1.685957322590000196e+00 7.619999999999999218e+00
-1.704936240640001266e+00 7.609999999999999432e+00
-1.724747218989999276e+00 7.599999999999999645e+00
