-8.196687999998423235e-01 8.899999999999971934e+00
-7.627199999998447444e-01 8.889999999999972147e+00
-7.062247999998472192e-01 8.879999999999972360e+00
-6.501831999998496370e-01 8.869999999999972573e+00
-5.945951999998519977e-01 8.859999999999972786e+00
-5.394607999998544123e-01 8.849999999999972999e+00
-4.847799999998567144e-01 8.839999999999973213e+00
-4.305527999998590705e-01 8.829999999999973426e+00
-3.767791999998614250e-01 8.819999999999973639e+00
-3.234591999998637224e-01 8.809999999999973852e+00
-2.705927999998660738e-01 8.799999999999974065e+00
-2.181799999998683126e-01 8.789999999999974278e+00
-1.662207999998705221e-01 8.779999999999974492e+00
-1.147151999998727717e-01 8.769999999999974705e+00
-6.366319999987499201e-02 8.759999999999974918e+00
-1.306479999987719687e-02 8.749999999999975131e+00
3.708000000012064840e-02 8.739999999999975344e+00
8.677120000011848133e-02 8.729999999999975557e+00
1.360088000001163366e-01 8.719999999999975770e+00
1.847928000001142490e-01 8.709999999999975984e+00
2.331232000001121352e-01 8.699999999999976197e+00
2.810000000001100506e-01 8.689999999999976410e+00
3.284232000001079954e-01 8.679999999999976623e+00
3.753928000001059417e-01 8.669999999999976836e+00
4.219088000001039451e-01 8.659999999999977049e+00
4.679712000001019501e-01 8.649999999999977263e+00
5.135800000001000676e-01 8.639999999999977476e+00
5.587352000000979091e-01 8.629999999999977689e+00
6.034368000000961407e-01 8.619999999999977902e+00
6.476848000000942074e-01 8.609999999999978115e+00
6.914792000000922201e-01 8.599999999999978328e+00
7.348200000000904009e-01 8.589999999999978542e+00
7.777072000000885277e-01 8.579999999999978755e+00
8.201408000000866005e-01 8.569999999999978968e+00
8.621208000000848415e-01 8.559999999999979181e+00
9.036472000000830285e-01 8.549999999999979394e+00
9.447200000000811615e-01 8.539999999999979607e+00
9.853392000000795736e-01 8.529999999999979821e+00
1.025504800000077932e+00 8.519999999999980034e+00
1.065216800000076125e+00 8.509999999999980247e+00
1.104475200000074153e+00 8.499999999999980460e+00
1.143280000000072683e+00 8.489999999999980673e+00
1.181631200000071047e+00 8.479999999999980886e+00
1.219528800000069468e+00 8.469999999999981100e+00
1.256972800000067503e+00 8.459999999999981313e+00
1.293963200000066038e+00 8.449999999999981526e+00
1.330500000000064631e+00 8.439999999999981739e+00
1.366583200000063059e+00 8.429999999999981952e+00
1.402212800000061099e+00 8.419999999999982165e+00
1.437388800000059641e+00 8.409999999999982379e+00
1.472111200000058240e+00 8.399999999999982592e+00
1.506380000000056896e+00 8.389999999999982805e+00
1.540195200000055165e+00 8.379999999999983018e+00
1.573556800000053713e+00 8.369999999999983231e+00
1.606464800000052318e+00 8.359999999999983444e+00
1.638919200000051202e+00 8.349999999999983658e+00
1.670920000000049921e+00 8.339999999999983871e+00
1.702467200000048031e+00 8.329999999999984084e+00
1.733560800000046864e+00 8.319999999999984297e+00
1.764200800000045533e+00 8.309999999999984510e+00
1.794387200000044480e+00 8.299999999999984723e+00
1.824120000000042818e+00 8.289999999999984936e+00
1.853399200000041436e+00 8.279999999999985150e+00
1.882224800000040332e+00 8.269999999999985363e+00
1.910596800000039286e+00 8.259999999999985576e+00
1.938515200000038075e+00 8.249999999999985789e+00
1.965980000000036920e+00 8.239999999999986002e+00
1.992991200000035601e+00 8.229999999999986215e+00
2.019548800000034561e+00 8.219999999999986429e+00
2.045652800000033356e+00 8.209999999999986642e+00
2.071303200000032430e+00 8.199999999999986855e+00
2.096500000000030894e+00 8.189999999999987068e+00
2.121243200000029638e+00 8.179999999999987281e+00
2.145532800000029106e+00 8.169999999999987494e+00
2.169368800000027964e+00 8.159999999999987708e+00
2.192751200000027101e+00 8.149999999999987921e+00
2.215680000000025629e+00 8.139999999999988134e+00
2.238155200000024880e+00 8.129999999999988347e+00
2.260176800000023967e+00 8.119999999999988560e+00
2.281744800000022888e+00 8.109999999999988773e+00
2.302859200000021644e+00 8.099999999999988987e+00
2.323520000000021124e+00 8.089999999999989200e+00
2.343727200000020439e+00 8.079999999999989413e+00
2.363480800000019588e+00 8.069999999999989626e+00
2.382780800000018129e+00 8.059999999999989839e+00
2.401627200000017393e+00 8.049999999999990052e+00
2.420020000000016935e+00 8.039999999999990266e+00
2.437959200000015869e+00 8.029999999999990479e+00
2.455444800000015526e+00 8.019999999999990692e+00
2.472476800000014130e+00 8.009999999999990905e+00
2.489055200000013457e+00 7.999999999999991118e+00
2.505180000000013063e+00 7.989999999999991331e+00
2.520851200000012504e+00 7.979999999999991545e+00
2.536068800000011336e+00 7.969999999999991758e+00
2.550832800000010891e+00 7.959999999999991971e+00
2.565143200000010282e+00 7.949999999999992184e+00
2.579000000000009507e+00 7.939999999999992397e+00
2.592403200000009456e+00 7.929999999999992610e+00
2.605352800000008351e+00 7.919999999999992824e+00
2.617848800000007969e+00 7.909999999999993037e+00
2.629891200000006979e+00 7.899999999999993250e+00
2.641480000000006712e+00 7.889999999999993463e+00
2.652615200000006279e+00 7.879999999999993676e+00
2.663296800000005682e+00 7.869999999999993889e+00
2.673524800000005364e+00 7.859999999999994102e+00
2.683299200000004436e+00 7.849999999999994316e+00
2.692620000000003788e+00 7.839999999999994529e+00
2.701487200000003419e+00 7.829999999999994742e+00
2.709900800000003329e+00 7.819999999999994955e+00
2.717860800000003074e+00 7.809999999999995168e+00
2.725367200000002654e+00 7.799999999999995381e+00
2.732420000000002513e+00 7.789999999999995595e+00
2.739019200000002208e+00 7.779999999999995808e+00
2.745164800000001293e+00 7.769999999999996021e+00
2.750856800000001101e+00 7.759999999999996234e+00
2.756095200000001189e+00 7.749999999999996447e+00
2.760880000000000667e+00 7.739999999999996660e+00
2.765211200000000424e+00 7.729999999999996874e+00
2.769088800000000461e+00 7.719999999999997087e+00
2.772512800000000333e+00 7.709999999999997300e+00
2.775483200000000483e+00 7.699999999999997513e+00
2.778000000000000469e+00 7.689999999999997726e+00
2.780063199999999402e+00 7.679999999999997939e+00
2.781672799999999501e+00 7.669999999999998153e+00
2.782828799999999436e+00 7.659999999999998366e+00
2.783531199999999650e+00 7.649999999999998579e+00
2.783779999999999255e+00 7.639999999999998792e+00
2.783575199999999583e+00 7.629999999999999005e+00
2.782916799999999746e+00 7.619999999999999218e+00
2.781804800000000188e+00 7.609999999999999432e+00
2.780239200000000022e+00 7.599999999999999645e+00
