-3.384956432699898765e-01 8.899999999999971934e+00
-3.354911999999936056e-01 8.889999999999972147e+00
-3.337703900699970916e-01 8.879999999999972360e+00
-3.332880379200003351e-01 8.869999999999972573e+00
-3.339996560700034256e-01 8.859999999999972786e+00
-3.358614451200063744e-01 8.849999999999972999e+00
-3.388302937500091705e-01 8.839999999999973213e+00
-3.428637787200118359e-01 8.829999999999973426e+00
-3.479201648700144256e-01 8.819999999999973639e+00
-3.539584051200166392e-01 8.809999999999973852e+00
-3.609381404700189311e-01 8.799999999999974065e+00
-3.688197000000210113e-01 8.789999999999974278e+00
-3.775641008700229007e-01 8.779999999999974492e+00
-3.871330483200247086e-01 8.769999999999974705e+00
-3.974889356700264109e-01 8.759999999999974918e+00
-4.085948443200280167e-01 8.749999999999975131e+00
-4.204145437500293458e-01 8.739999999999975344e+00
-4.329124915200306956e-01 8.729999999999975557e+00
-4.460538332700318964e-01 8.719999999999975770e+00
-4.598044027200330341e-01 8.709999999999975984e+00
-4.741307216700340055e-01 8.699999999999976197e+00
-4.890000000000349067e-01 8.689999999999976410e+00
-5.043801356700357008e-01 8.679999999999976623e+00
-5.202397147200363836e-01 8.669999999999976836e+00
-5.365480112700371507e-01 8.659999999999977049e+00
-5.532749875200376755e-01 8.649999999999977263e+00
-5.703912937500380531e-01 8.639999999999977476e+00
-5.878682683200384673e-01 8.629999999999977689e+00
-6.056779376700388573e-01 8.619999999999977902e+00
-6.237930163200390288e-01 8.609999999999978115e+00
-6.421869068700390981e-01 8.599999999999978328e+00
-6.608337000000392703e-01 8.589999999999978542e+00
-6.797081744700393946e-01 8.579999999999978755e+00
-6.987857971200392981e-01 8.569999999999978968e+00
-7.180427228700393405e-01 8.559999999999979181e+00
-7.374557947200390817e-01 8.549999999999979394e+00
-7.570025437500389476e-01 8.539999999999979607e+00
-7.766611891200386752e-01 8.529999999999979821e+00
-7.964106380700384236e-01 8.519999999999980034e+00
-8.162304859200382179e-01 8.509999999999980247e+00
-8.361010160700379501e-01 8.499999999999980460e+00
-8.560032000000374897e-01 8.489999999999980673e+00
-8.759186972700370166e-01 8.479999999999980886e+00
-8.958298555200365776e-01 8.469999999999981100e+00
-9.157197104700360857e-01 8.459999999999981313e+00
-9.355719859200356536e-01 8.449999999999981526e+00
-9.553710937500350386e-01 8.439999999999981739e+00
-9.751021339200346416e-01 8.429999999999981952e+00
-9.947508944700339528e-01 8.419999999999982165e+00
-1.014303851520033328e+00 8.409999999999982379e+00
-1.033748169270032768e+00 8.399999999999982592e+00
-1.053071700000031807e+00 8.389999999999982805e+00
-1.072262984070031511e+00 8.379999999999983018e+00
-1.091311249920030590e+00 8.369999999999983231e+00
-1.110206414070030068e+00 8.359999999999983444e+00
-1.128939081120029497e+00 8.349999999999983658e+00
-1.147500543750028967e+00 8.339999999999983871e+00
-1.165882782720028210e+00 8.329999999999984084e+00
-1.184078466870027491e+00 8.319999999999984297e+00
-1.202080953120026718e+00 8.309999999999984510e+00
-1.219884286470026113e+00 8.299999999999984723e+00
-1.237483200000025541e+00 8.289999999999984936e+00
-1.254873114870024731e+00 8.279999999999985150e+00
-1.272050140320024170e+00 8.269999999999985363e+00
-1.289011073670023322e+00 8.259999999999985576e+00
-1.305753400320022628e+00 8.249999999999985789e+00
-1.322275293750021952e+00 8.239999999999986002e+00
-1.338575615520021245e+00 8.229999999999986215e+00
-1.354653915270020770e+00 8.219999999999986429e+00
-1.370510430720020212e+00 8.209999999999986642e+00
-1.386146087670019345e+00 8.199999999999986855e+00
-1.401562500000018918e+00 8.189999999999987068e+00
-1.416761969670018662e+00 8.179999999999987281e+00
-1.431747486720017948e+00 8.169999999999987494e+00
-1.446522729270017571e+00 8.159999999999987708e+00
-1.461092063520016637e+00 8.149999999999987921e+00
-1.475460543750016118e+00 8.139999999999988134e+00
-1.489633912320015297e+00 8.129999999999988347e+00
-1.503618599670014655e+00 8.119999999999988560e+00
-1.517421724320014320e+00 8.109999999999988773e+00
-1.531051092870013619e+00 8.099999999999988987e+00
-1.544515200000013300e+00 8.089999999999989200e+00
-1.557823228470013088e+00 8.079999999999989413e+00
-1.570985049120012578e+00 8.069999999999989626e+00
-1.584011220870012338e+00 8.059999999999989839e+00
-1.596912990720012804e+00 8.049999999999990052e+00
-1.609702293750011615e+00 8.039999999999990266e+00
-1.622391753120011604e+00 8.029999999999990479e+00
-1.634994680070010808e+00 8.019999999999990692e+00
-1.647525073920010463e+00 8.009999999999990905e+00
-1.659997622070010337e+00 7.999999999999991118e+00
-1.672427700000009843e+00 7.989999999999991331e+00
-1.684831371270009814e+00 7.979999999999991545e+00
-1.697225387520009177e+00 7.969999999999991758e+00
-1.709627188470009163e+00 7.959999999999991971e+00
-1.722054901920008652e+00 7.949999999999992184e+00
-1.734527343750008610e+00 7.939999999999992397e+00
-1.747064017920008983e+00 7.929999999999992610e+00
-1.759685116470008026e+00 7.919999999999992824e+00
-1.772411519520007639e+00 7.909999999999993037e+00
-1.785264795270007587e+00 7.899999999999993250e+00
-1.798267200000008170e+00 7.889999999999993463e+00
-1.811441678070007333e+00 7.879999999999993676e+00
-1.824811861920007772e+00 7.869999999999993889e+00
-1.838402072070007165e+00 7.859999999999994102e+00
-1.852237317120006832e+00 7.849999999999994316e+00
-1.866343293750006849e+00 7.839999999999994529e+00
-1.880746386720005825e+00 7.829999999999994742e+00
-1.895473668870006678e+00 7.819999999999994955e+00
-1.910552901120005975e+00 7.809999999999995168e+00
-1.926012532470005700e+00 7.799999999999995381e+00
-1.941881700000005706e+00 7.789999999999995595e+00
-1.958190228870005711e+00 7.779999999999995808e+00
-1.974968632320006190e+00 7.769999999999996021e+00
-1.992248111670006150e+00 7.759999999999996234e+00
-2.010060556320005354e+00 7.749999999999996447e+00
-2.028438543750004541e+00 7.739999999999996660e+00
-2.047415339520004984e+00 7.729999999999996874e+00
-2.067024897270004047e+00 7.719999999999997087e+00
-2.087301858720003622e+00 7.709999999999997300e+00
-2.108281553670003916e+00 7.699999999999997513e+00
-2.130000000000003446e+00 7.689999999999997726e+00
-2.152493903670003039e+00 7.679999999999997939e+00
-2.175800658720002723e+00 7.669999999999998153e+00
-2.199958347270003056e+00 7.659999999999998366e+00
-2.225005739520002024e+00 7.649999999999998579e+00
-2.250982293750002583e+00 7.639999999999998792e+00
-2.277928156320001118e+00 7.629999999999999005e+00
-2.305884161670000765e+00 7.619999999999999218e+00
-2.334891832319999860e+00 7.609999999999999432e+00
-2.364993378869998608e+00 7.599999999999999645e+00
