4.356981100007419061e-02 8.899999999999971934e+00
7.000800000007104118e-02 8.889999999999972147e+00
9.551130900006794822e-02 8.879999999999972360e+00
1.200914320000649599e-01 8.869999999999972573e+00
1.437600630000620272e-01 8.859999999999972786e+00
1.665288960000591567e-01 8.849999999999972999e+00
1.884096250000563411e-01 8.839999999999973213e+00
2.094139440000536145e-01 8.829999999999973426e+00
2.295535470000509282e-01 8.819999999999973639e+00
2.488401280000483995e-01 8.809999999999973852e+00
2.672853810000458963e-01 8.799999999999974065e+00
2.849010000000433696e-01 8.789999999999974278e+00
3.016986790000409924e-01 8.779999999999974492e+00
3.176901120000387158e-01 8.769999999999974705e+00
3.328869930000363797e-01 8.759999999999974918e+00
3.473010160000341573e-01 8.749999999999975131e+00
3.609438750000320550e-01 8.739999999999975344e+00
3.738272640000299130e-01 8.729999999999975557e+00
3.859628770000279041e-01 8.719999999999975770e+00
3.973624080000259240e-01 8.709999999999975984e+00
4.080375510000240347e-01 8.699999999999976197e+00
4.180000000000221871e-01 8.689999999999976410e+00
4.272614490000203880e-01 8.679999999999976623e+00
4.358335920000186436e-01 8.669999999999976836e+00
4.437281230000169607e-01 8.659999999999977049e+00
4.509567360000153458e-01 8.649999999999977263e+00
4.575311250000137497e-01 8.639999999999977476e+00
4.634629840000122347e-01 8.629999999999977689e+00
4.687640070000107517e-01 8.619999999999977902e+00
4.734458880000093073e-01 8.609999999999978115e+00
4.775203210000079634e-01 8.599999999999978328e+00
4.809990000000066157e-01 8.589999999999978542e+00
4.838936190000053261e-01 8.579999999999978755e+00
4.862158720000041012e-01 8.569999999999978968e+00
4.879774530000029475e-01 8.559999999999979181e+00
4.891900560000019271e-01 8.549999999999979394e+00
4.898653750000008245e-01 8.539999999999979607e+00
4.900151039999998126e-01 8.529999999999979821e+00
4.896509369999987871e-01 8.519999999999980034e+00
4.887845679999978654e-01 8.509999999999980247e+00
4.874276909999969432e-01 8.499999999999980460e+00
4.855919999999960268e-01 8.489999999999980673e+00
4.832891889999952895e-01 8.479999999999980886e+00
4.805309519999944601e-01 8.469999999999981100e+00
4.773289829999937117e-01 8.459999999999981313e+00
4.736949759999929954e-01 8.449999999999981526e+00
4.696406249999924842e-01 8.439999999999981739e+00
4.651776239999917406e-01 8.429999999999981952e+00
4.603176669999912707e-01 8.419999999999982165e+00
4.550724479999906924e-01 8.409999999999982379e+00
4.494536609999901788e-01 8.399999999999982592e+00
4.434729999999897365e-01 8.389999999999982805e+00
4.371421589999893165e-01 8.379999999999983018e+00
4.304728319999888697e-01 8.369999999999983231e+00
4.234767129999884583e-01 8.359999999999983444e+00
4.161654959999881997e-01 8.349999999999983658e+00
4.085508749999878231e-01 8.339999999999983871e+00
4.006445439999876124e-01 8.329999999999984084e+00
3.924581969999872411e-01 8.319999999999984297e+00
3.840035279999871598e-01 8.309999999999984510e+00
3.752922309999867645e-01 8.299999999999984723e+00
3.663359999999867833e-01 8.289999999999984936e+00
3.571465289999866677e-01 8.279999999999985150e+00
3.477355119999865352e-01 8.269999999999985363e+00
3.381146429999864478e-01 8.259999999999985576e+00
3.282956159999864121e-01 8.249999999999985789e+00
3.182901249999864346e-01 8.239999999999986002e+00
3.081098639999863553e-01 8.229999999999986215e+00
2.977665269999864583e-01 8.219999999999986429e+00
2.872718079999864171e-01 8.209999999999986642e+00
2.766374009999865713e-01 8.199999999999986855e+00
2.658749999999864277e-01 8.189999999999987068e+00
2.549962989999865481e-01 8.179999999999987281e+00
2.440129919999868835e-01 8.169999999999987494e+00
2.329367729999868297e-01 8.159999999999987708e+00
2.217793359999868374e-01 8.149999999999987921e+00
2.105523749999873573e-01 8.139999999999988134e+00
1.992675839999875631e-01 8.129999999999988347e+00
1.879366569999876835e-01 8.119999999999988560e+00
1.765712879999877805e-01 8.109999999999988773e+00
1.651831709999879161e-01 8.099999999999988987e+00
1.537839999999882634e-01 8.089999999999989200e+00
1.423854689999885514e-01 8.079999999999989413e+00
1.309992719999889532e-01 8.069999999999989626e+00
1.196371029999890312e-01 8.059999999999989839e+00
1.083106559999892360e-01 8.049999999999990052e+00
9.703162499998940760e-02 8.039999999999990266e+00
8.581170399998994114e-02 8.029999999999990479e+00
7.466258699999039905e-02 8.019999999999990692e+00
6.359596799999045480e-02 8.009999999999990905e+00
5.262354099999100310e-02 7.999999999999991118e+00
4.175699999999138434e-02 7.989999999999991331e+00
3.100803899999160507e-02 7.979999999999991545e+00
2.038835199999167180e-02 7.969999999999991758e+00
9.909632999992146196e-03 7.959999999999991971e+00
-4.164240000076313564e-04 7.949999999999992184e+00
-1.057812500000698819e-02 7.939999999999992397e+00
-2.056377600000691697e-02 7.929999999999992610e+00
-3.036168300000663400e-02 7.919999999999992824e+00
-3.996015200000591072e-02 7.909999999999993037e+00
-4.934748900000573979e-02 7.899999999999993250e+00
-5.851200000000522650e-02 7.889999999999993463e+00
-6.744199100000503044e-02 7.879999999999993676e+00
-7.612576800000470101e-02 7.869999999999993889e+00
-8.455163700000434268e-02 7.859999999999994102e+00
-9.270790400000361586e-02 7.849999999999994316e+00
-1.005828750000039573e-01 7.839999999999994529e+00
-1.081648560000030290e-01 7.829999999999994742e+00
-1.154421530000033780e-01 7.819999999999994955e+00
-1.224030720000031103e-01 7.809999999999995168e+00
-1.290359190000027745e-01 7.799999999999995381e+00
-1.353290000000024751e-01 7.789999999999995595e+00
-1.412706210000018725e-01 7.779999999999995808e+00
-1.468490880000019594e-01 7.769999999999996021e+00
-1.520527070000015080e-01 7.759999999999996234e+00
-1.568697840000010668e-01 7.749999999999996447e+00
-1.612886250000009625e-01 7.739999999999996660e+00
-1.652975360000008553e-01 7.729999999999996874e+00
-1.688848230000008499e-01 7.719999999999997087e+00
-1.720387920000006066e-01 7.709999999999997300e+00
-1.747477490000004519e-01 7.699999999999997513e+00
-1.770000000000004903e-01 7.689999999999997726e+00
-1.787838509999999381e-01 7.679999999999997939e+00
-1.800876079999991219e-01 7.669999999999998153e+00
-1.808995770000003667e-01 7.659999999999998366e+00
-1.812080639999997800e-01 7.649999999999998579e+00
-1.810013750000001309e-01 7.639999999999998792e+00
-1.802678160000001917e-01 7.629999999999999005e+00
-1.789956930000000668e-01 7.619999999999999218e+00
-1.771733119999998607e-01 7.609999999999999432e+00
-1.747889789999996779e-01 7.599999999999999645e+00
