-1.366922799999903626e+00 8.899999999999971934e+00
-1.332119999999905158e+00 8.889999999999972147e+00
-1.297578799999906440e+00 8.879999999999972360e+00
-1.263299199999907918e+00 8.869999999999972573e+00
-1.229281199999909369e+00 8.859999999999972786e+00
-1.195524799999911014e+00 8.849999999999972999e+00
-1.162029999999912189e+00 8.839999999999973213e+00
-1.128796799999913558e+00 8.829999999999973426e+00
-1.095825199999915123e+00 8.819999999999973639e+00
-1.063115199999916438e+00 8.809999999999973852e+00
-1.030666799999917727e+00 8.799999999999974065e+00
-9.984799999999190989e-01 8.789999999999974278e+00
-9.665547999999204443e-01 8.779999999999974492e+00
-9.348911999999217626e-01 8.769999999999974705e+00
-9.034891999999230539e-01 8.759999999999974918e+00
-8.723487999999244291e-01 8.749999999999975131e+00
-8.414699999999256663e-01 8.739999999999975344e+00
-8.108527999999268765e-01 8.729999999999975557e+00
-7.804971999999281707e-01 8.719999999999975770e+00
-7.504031999999294378e-01 8.709999999999975984e+00
-7.205707999999307889e-01 8.699999999999976197e+00
-6.909999999999320019e-01 8.689999999999976410e+00
-6.616907999999332990e-01 8.679999999999976623e+00
-6.326431999999343470e-01 8.669999999999976836e+00
-6.038571999999355899e-01 8.659999999999977049e+00
-5.753327999999368059e-01 8.649999999999977263e+00
-5.470699999999379948e-01 8.639999999999977476e+00
-5.190687999999391566e-01 8.629999999999977689e+00
-4.913291999999402915e-01 8.619999999999977902e+00
-4.638511999999414548e-01 8.609999999999978115e+00
-4.366347999999426466e-01 8.599999999999978328e+00
-4.096799999999437003e-01 8.589999999999978542e+00
-3.829867999999448380e-01 8.579999999999978755e+00
-3.565551999999459487e-01 8.569999999999978968e+00
-3.303851999999470324e-01 8.559999999999979181e+00
-3.044767999999480890e-01 8.549999999999979394e+00
-2.788299999999491741e-01 8.539999999999979607e+00
-2.534447999999502876e-01 8.529999999999979821e+00
-2.283211999999512909e-01 8.519999999999980034e+00
-2.034591999999523226e-01 8.509999999999980247e+00
-1.788587999999533829e-01 8.499999999999980460e+00
-1.545199999999544160e-01 8.489999999999980673e+00
-1.304427999999554499e-01 8.479999999999980886e+00
-1.066271999999563319e-01 8.469999999999981100e+00
-8.307319999995732562e-02 8.459999999999981313e+00
-5.978079999995832006e-02 8.449999999999981526e+00
-3.674999999995928746e-02 8.439999999999981739e+00
-1.398079999996025558e-02 8.429999999999981952e+00
8.526800000038789462e-03 8.419999999999982165e+00
3.077280000003784766e-02 8.409999999999982379e+00
5.275720000003703003e-02 8.399999999999982592e+00
7.448000000003611454e-02 8.389999999999982805e+00
9.594120000003519833e-02 8.379999999999983018e+00
1.171408000000342953e-01 8.369999999999983231e+00
1.380788000000334192e-01 8.359999999999983444e+00
1.587552000000326535e-01 8.349999999999983658e+00
1.791700000000316650e-01 8.339999999999983871e+00
1.993232000000309534e-01 8.329999999999984084e+00
2.192148000000299635e-01 8.319999999999984297e+00
2.388448000000292504e-01 8.309999999999984510e+00
2.582132000000285643e-01 8.299999999999984723e+00
2.773200000000276555e-01 8.289999999999984936e+00
2.961652000000269402e-01 8.279999999999985150e+00
3.147488000000260300e-01 8.269999999999985363e+00
3.330708000000254243e-01 8.259999999999985576e+00
3.511312000000245126e-01 8.249999999999985789e+00
3.689300000000239055e-01 8.239999999999986002e+00
3.864672000000232699e-01 8.229999999999986215e+00
4.037428000000224393e-01 8.219999999999986429e+00
4.207568000000218023e-01 8.209999999999986642e+00
4.375092000000209702e-01 8.199999999999986855e+00
4.540000000000203872e-01 8.189999999999987068e+00
4.702292000000195538e-01 8.179999999999987281e+00
4.861968000000190804e-01 8.169999999999987494e+00
5.019028000000185230e-01 8.159999999999987708e+00
5.173472000000176596e-01 8.149999999999987921e+00
5.325300000000172673e-01 8.139999999999988134e+00
5.474512000000164580e-01 8.129999999999988347e+00
5.621108000000158977e-01 8.119999999999988560e+00
5.765088000000151425e-01 8.109999999999988773e+00
5.906452000000148583e-01 8.099999999999988987e+00
6.045200000000141571e-01 8.089999999999989200e+00
6.181332000000134830e-01 8.079999999999989413e+00
6.314848000000132799e-01 8.069999999999989626e+00
6.445748000000125488e-01 8.059999999999989839e+00
6.574032000000118448e-01 8.049999999999990052e+00
6.699700000000112787e-01 8.039999999999990266e+00
6.822752000000110728e-01 8.029999999999990479e+00
6.943188000000104498e-01 8.019999999999990692e+00
7.061008000000102980e-01 8.009999999999990905e+00
7.176212000000097291e-01 7.999999999999991118e+00
7.288800000000091872e-01 7.989999999999991331e+00
7.398772000000085614e-01 7.979999999999991545e+00
7.506128000000084066e-01 7.969999999999991758e+00
7.610868000000078348e-01 7.959999999999991971e+00
7.712992000000072901e-01 7.949999999999992184e+00
7.812500000000072164e-01 7.939999999999992397e+00
7.909392000000068368e-01 7.929999999999992610e+00
8.003668000000061511e-01 7.919999999999992824e+00
8.095328000000058255e-01 7.909999999999993037e+00
8.184372000000057490e-01 7.899999999999993250e+00
8.270800000000052554e-01 7.889999999999993463e+00
8.354612000000046779e-01 7.879999999999993676e+00
8.435808000000046825e-01 7.869999999999993889e+00
8.514388000000042700e-01 7.859999999999994102e+00
8.590352000000038846e-01 7.849999999999994316e+00
8.663700000000034152e-01 7.839999999999994529e+00
8.734432000000035279e-01 7.829999999999994742e+00
8.802548000000031125e-01 7.819999999999994955e+00
8.868048000000026132e-01 7.809999999999995168e+00
8.930932000000026960e-01 7.799999999999995381e+00
8.991200000000023618e-01 7.789999999999995595e+00
9.048852000000020546e-01 7.779999999999995808e+00
9.103888000000017744e-01 7.769999999999996021e+00
9.156308000000017433e-01 7.759999999999996234e+00
9.206112000000015172e-01 7.749999999999996447e+00
9.253300000000013181e-01 7.739999999999996660e+00
9.297872000000013681e-01 7.729999999999996874e+00
9.339828000000010011e-01 7.719999999999997087e+00
9.379168000000006611e-01 7.709999999999997300e+00
9.415892000000005702e-01 7.699999999999997513e+00
9.450000000000007283e-01 7.689999999999997726e+00
9.481492000000004694e-01 7.679999999999997939e+00
9.510368000000004596e-01 7.669999999999998153e+00
9.536628000000004768e-01 7.659999999999998366e+00
9.560272000000002990e-01 7.649999999999998579e+00
9.581299999999999262e-01 7.639999999999998792e+00
9.599712000000000245e-01 7.629999999999999005e+00
9.615508000000001498e-01 7.619999999999999218e+00
9.628688000000000802e-01 7.609999999999999432e+00
9.639251999999998155e-01 7.599999999999999645e+00
