3.222995912077858405e-01 8.899999999999971934e+00
3.562507725707686479e-01 8.889999999999972147e+00
3.897459277855940263e-01 8.879999999999972360e+00
4.227915009232354748e-01 8.869999999999972573e+00
4.553935996537132880e-01 8.859999999999972786e+00
4.875579904502995721e-01 8.849999999999972999e+00
5.192900945215728203e-01 8.839999999999973213e+00
5.505949843951738476e-01 8.829999999999973426e+00
5.814773810807358778e-01 8.819999999999973639e+00
6.119416517432725300e-01 8.809999999999973852e+00
6.419918078223012525e-01 8.799999999999974065e+00
6.716315035360924668e-01 8.789999999999974278e+00
7.008640347146823935e-01 8.779999999999974492e+00
7.296923379096036388e-01 8.769999999999974705e+00
7.581189897326903182e-01 8.759999999999974918e+00
7.861462063807583833e-01 8.749999999999975131e+00
8.137758433074525621e-01 8.739999999999975344e+00
8.410093950080709257e-01 8.729999999999975557e+00
8.678479948877096950e-01 8.719999999999975770e+00
8.942924151876271432e-01 8.709999999999975984e+00
9.203430669492813632e-01 8.699999999999976197e+00
9.460000000000587939e-01 8.689999999999976410e+00
9.712629029492785282e-01 8.679999999999976623e+00
9.961311031876213251e-01 8.669999999999976836e+00
1.020603566887700930e+00 8.659999999999977049e+00
1.044678899008059325e+00 8.649999999999977263e+00
1.068355343307437977e+00 8.639999999999977476e+00
1.091630782380740738e+00 8.629999999999977689e+00
1.114502737732669946e+00 8.619999999999977902e+00
1.136968369909580279e+00 8.609999999999978115e+00
1.159024478714655970e+00 8.599999999999978328e+00
1.180667503536063201e+00 8.589999999999978542e+00
1.201893523822268772e+00 8.579999999999978755e+00
1.222698259743237204e+00 8.569999999999978968e+00
1.243077073080697481e+00 8.559999999999979181e+00
1.263024968395132674e+00 8.549999999999979394e+00
1.282536594521528350e+00 8.539999999999979607e+00
1.301606246450251803e+00 8.529999999999979821e+00
1.320227867653662512e+00 8.519999999999980034e+00
1.338395052923181616e+00 8.509999999999980247e+00
1.356101051785536971e+00 8.499999999999980460e+00
1.373338772570708244e+00 8.489999999999980673e+00
1.390100787207722455e+00 8.479999999999980886e+00
1.406379336827813464e+00 8.469999999999981100e+00
1.422166338257562668e+00 8.459999999999981313e+00
1.437453391487389931e+00 8.449999999999981526e+00
1.452231788203157681e+00 8.439999999999981739e+00
1.466492521470599941e+00 8.429999999999981952e+00
1.480226296663740504e+00 8.419999999999982165e+00
1.493423543729374803e+00 8.409999999999982379e+00
1.506074430879968062e+00 8.399999999999982592e+00
1.518168879806907734e+00 8.389999999999982805e+00
1.529696582504876945e+00 8.379999999999983018e+00
1.540647019796089090e+00 8.369999999999983231e+00
1.551009481640196697e+00 8.359999999999983444e+00
1.560773089311742634e+00 8.349999999999983658e+00
1.569926819522017514e+00 8.339999999999983871e+00
1.578459530556009627e+00 8.329999999999984084e+00
1.586359990487747673e+00 8.319999999999984297e+00
1.593616907528611959e+00 8.309999999999984510e+00
1.600218962553119129e+00 8.299999999999984723e+00
1.606154843835162715e+00 8.289999999999984936e+00
1.611413284014670877e+00 8.279999999999985150e+00
1.615983099300089876e+00 8.269999999999985363e+00
1.619853230895972551e+00 8.259999999999985576e+00
1.623012788627223202e+00 8.249999999999985789e+00
1.625451096712230648e+00 8.239999999999986002e+00
1.627157741616199971e+00 8.229999999999986215e+00
1.628122621893550281e+00 8.219999999999986429e+00
1.628335999904266806e+00 8.209999999999986642e+00
1.627788555263744108e+00 8.199999999999986855e+00
1.626471439858977686e+00 8.189999999999987068e+00
1.624376334236118602e+00 8.179999999999987281e+00
1.621495505135587489e+00 8.169999999999987494e+00
1.617821863921309333e+00 8.159999999999987708e+00
1.613349025620467447e+00 8.149999999999987921e+00
1.608071368259715195e+00 8.139999999999988134e+00
1.601984092153364347e+00 8.129999999999988347e+00
1.595083278769025004e+00 8.119999999999988560e+00
1.587365948766886081e+00 8.109999999999988773e+00
1.578830118780707004e+00 8.099999999999988987e+00
1.569474856482111047e+00 8.089999999999989200e+00
1.559300333445369890e+00 8.079999999999989413e+00
1.548307875308084114e+00 8.069999999999989626e+00
1.536500008704510423e+00 8.059999999999989839e+00
1.523880504433279270e+00 8.049999999999990052e+00
1.510454416310468506e+00 8.039999999999990266e+00
1.496228115152990590e+00 8.029999999999990479e+00
1.481209317336507292e+00 8.019999999999990692e+00
1.465407107377220797e+00 8.009999999999990905e+00
1.448831953998287236e+00 7.999999999999991118e+00
1.431495719159804558e+00 7.989999999999991331e+00
1.413411659556695232e+00 7.979999999999991545e+00
1.394594420121660905e+00 7.969999999999991758e+00
1.375060019111036702e+00 7.959999999999991971e+00
1.354825824399942924e+00 7.949999999999992184e+00
1.333910520669690181e+00 7.939999999999992397e+00
1.312334067234913526e+00 7.929999999999992610e+00
1.290117646330187107e+00 7.919999999999992824e+00
1.267283601755581746e+00 7.909999999999993037e+00
1.243855367867352291e+00 7.899999999999993250e+00
1.219857388992998448e+00 7.889999999999993463e+00
1.195315029448611677e+00 7.879999999999993676e+00
1.170254474439759385e+00 7.869999999999993889e+00
1.144702622234051947e+00 7.859999999999994102e+00
1.118686968102767798e+00 7.849999999999994316e+00
1.092235480639117684e+00 7.839999999999994529e+00
1.065376471170333961e+00 7.829999999999994742e+00
1.038138457088215727e+00 7.819999999999994955e+00
1.010550020026301565e+00 7.809999999999995168e+00
9.826396599096474116e-01 7.799999999999995381e+00
9.544356459935408044e-01 7.789999999999995595e+00
9.259658660884270143e-01 7.779999999999995808e+00
8.972576752381524745e-01 7.769999999999996021e+00
8.683377451755557308e-01 7.759999999999996234e+00
8.392319159218715185e-01 7.749999999999996447e+00
8.099650509228080164e-01 7.739999999999996660e+00
7.805608971233363169e-01 7.729999999999996874e+00
7.510419513739966524e-01 7.719999999999997087e+00
7.214293345331910245e-01 7.709999999999997300e+00
6.917426745819668099e-01 7.699999999999997513e+00
6.619999999999945928e-01 7.689999999999997726e+00
6.322176445641101150e-01 7.679999999999997939e+00
6.024101646243764652e-01 7.669999999999998153e+00
5.725902697881810610e-01 7.659999999999998366e+00
5.427687678017106832e-01 7.649999999999998579e+00
5.129545242619819589e-01 7.639999999999998792e+00
4.831544376235580862e-01 7.629999999999999005e+00
4.533734297845539163e-01 7.619999999999999218e+00
4.236144523492646474e-01 7.609999999999999432e+00
3.938785084727289276e-01 7.599999999999999645e+00
